country,sector,output_hat,price_hat,spending_hat
ARG,01T02,0.6688015459641323,1.062893150717362,1.0219085250760918
ARG,03,0.9974705859135109,0.9896755521866805,1.0219085250760918
ARG,05T06,0.8114447142412915,1.01142634399117,1.0219085250760918
ARG,07T08,1.0078663828894874,0.992752788744711,1.0219085250760918
ARG,10T12,0.9749836702475311,1.1290373325345429,1.0219085250760918
ARG,13T15,0.9725262107863137,1.0273881800322902,1.0219085250760918
ARG,16,1.0182061758103245,1.01448294125015,1.0219085250760918
ARG,17T18,1.030246732683141,1.0043819865963073,1.0219085250760918
ARG,19,0.9308577053100918,1.083641819536292,1.0219085250760918
ARG,20,1.000921358066138,1.0211751013491708,1.0219085250760918
ARG,21,1.0345451963551109,1.000524749256405,1.0219085250760918
ARG,22,0.9580373288489721,1.0193862781185352,1.0219085250760918
ARG,23,0.9003868178533926,1.0140857519910498,1.0219085250760918
ARG,24,0.9778315132988943,1.0295248727461366,1.0219085250760918
ARG,25,1.0556567573597622,1.016638198057257,1.0219085250760918
ARG,26,1.0364425666159058,1.016356563744955,1.0219085250760918
ARG,27,1.0467549919501749,1.0209213055377684,1.0219085250760918
ARG,28,1.0384689476048026,1.0107263188268114,1.0219085250760918
ARG,29T30,1.0083926716049338,1.0187107525381773,1.0219085250760918
ARG,31T33,1.0154598193121982,1.0019105716348944,1.0219085250760918
ARG,35,0.8541640329509685,1.0491651777913442,1.0219085250760918
ARG,36T39,1.0057964902874421,0.9957628345694197,1.0219085250760918
ARG,41T43,1.0150023096793575,1.0052708104749837,1.0219085250760918
ARG,45T47,1.003596764805931,0.9848569871297228,1.0219085250760918
ARG,49,0.9645523158667753,0.9984558678749659,1.0219085250760918
ARG,50,0.9348633856077947,1.000325305043822,1.0219085250760918
ARG,51,0.9135087480294285,1.027022908321904,1.0219085250760918
ARG,52,0.9849927212323875,1.0052486480576999,1.0219085250760918
ARG,53,1.0305682109896954,0.992547649652161,1.0219085250760918
ARG,55T56,1.0214839537847158,1.0186667773579856,1.0219085250760918
ARG,58T60,1.031689993703996,0.9918012998803358,1.0219085250760918
ARG,61,1.0249934836620547,0.9892041964022763,1.0219085250760918
ARG,62T63,1.0408731467367853,0.9896122932143089,1.0219085250760918
ARG,64T66,1.0132704838942674,0.984042731164966,1.0219085250760918
ARG,68,1.0246157101384117,0.9785828024583898,1.0219085250760918
ARG,69T75,1.0208548886522075,0.9873011306778148,1.0219085250760918
ARG,77T82,1.0066508781679704,0.9836856815132903,1.0219085250760918
ARG,84,1.0179394340246366,0.9871806843476971,1.0219085250760918
ARG,85,1.02096578185422,0.9831479563637142,1.0219085250760918
ARG,86T88,1.02035615492969,0.984816482573444,1.0219085250760918
ARG,90T93,1.0261076655696602,0.9920264134903534,1.0219085250760918
ARG,94T98,1.0198260460059543,0.9883517562017379,1.0219085250760918
AUS,01T02,0.7285843112553088,1.0490204568474812,1.0140069168864656
AUS,03,0.9599822490553226,1.0516197179798432,1.0140069168864656
AUS,05T06,0.8549766145703556,1.0061620979744905,1.0140069168864656
AUS,07T08,1.04937494755732,1.0127512547903792,1.0140069168864656
AUS,10T12,0.9690516448349261,1.096853562230901,1.0140069168864656
AUS,13T15,0.9108885769837026,1.0605651129975437,1.0140069168864656
AUS,16,1.0171234660177784,1.0497758613861892,1.0140069168864656
AUS,17T18,1.013903652349096,1.023789421927704,1.0140069168864656
AUS,19,0.7880890791020752,1.0340104857294805,1.0140069168864656
AUS,20,0.8939385910776555,1.0378514003537371,1.0140069168864656
AUS,21,0.994448724948833,1.0242908889892302,1.0140069168864656
AUS,22,1.0632907220063164,1.0358176162715573,1.0140069168864656
AUS,23,0.9831730812934426,1.0266321258645437,1.0140069168864656
AUS,24,1.184589476737488,1.0426408729945649,1.0140069168864656
AUS,25,1.035670215722506,1.034626527058148,1.0140069168864656
AUS,26,1.0411807095504395,1.0098143435719609,1.0140069168864656
AUS,27,1.0664153799696383,1.0205156078337396,1.0140069168864656
AUS,28,1.0350140719081482,1.0189208788706816,1.0140069168864656
AUS,29T30,1.0374492667908988,1.0236579887402975,1.0140069168864656
AUS,31T33,1.0283777459915204,1.0154990685833882,1.0140069168864656
AUS,35,0.7183455112920039,1.106437617150078,1.0140069168864656
AUS,36T39,0.9874949103091548,1.0054375940448916,1.0140069168864656
AUS,41T43,1.0033693941178488,1.0173425035431929,1.0140069168864656
AUS,45T47,0.9981573700993427,1.0083313116109307,1.0140069168864656
AUS,49,0.9541792777505788,1.0149973960523102,1.0140069168864656
AUS,50,0.9671966205242173,1.0131632478150647,1.0140069168864656
AUS,51,0.9456659089624833,1.0176115865109172,1.0140069168864656
AUS,52,0.9923386734296211,1.0026976688627671,1.0140069168864656
AUS,53,0.9884814626040409,1.0132573916794483,1.0140069168864656
AUS,55T56,1.016855157320029,1.0188386391096222,1.0140069168864656
AUS,58T60,1.0228239393300047,1.0033301731728343,1.0140069168864656
AUS,61,1.0061440601284846,1.0042301313863664,1.0140069168864656
AUS,62T63,1.0065467485082742,0.9963088095978991,1.0140069168864656
AUS,64T66,0.9928933682150407,0.9918771608460552,1.0140069168864656
AUS,68,1.0109741038001592,0.9920311226674985,1.0140069168864656
AUS,69T75,0.9966540774236058,0.9979826228769156,1.0140069168864656
AUS,77T82,0.9964788072081951,1.000644452344791,1.0140069168864656
AUS,84,1.0100830728182055,1.005077011900993,1.0140069168864656
AUS,85,1.016721745139486,0.9959515775694132,1.0140069168864656
AUS,86T88,1.0134856593190882,0.9970463442771721,1.0140069168864656
AUS,90T93,1.0150352526641881,0.9981604725233271,1.0140069168864656
AUS,94T98,1.0112863866760007,0.9970707339730015,1.0140069168864656
AUT,01T02,0.998686702470702,1.0543702798111712,1.0477706340475563
AUT,03,1.041308130429591,1.0433063688278341,1.0477706340475563
AUT,05T06,0.8403452867396414,1.0470142534189515,1.0477706340475563
AUT,07T08,0.981380689330553,1.05041481607058,1.0477706340475563
AUT,10T12,1.0477626415594317,1.0544154059328974,1.0477706340475563
AUT,13T15,1.0169716767621555,1.0394571587961572,1.0477706340475563
AUT,16,1.0250019383302207,1.0560889209222695,1.0477706340475563
AUT,17T18,0.9715348292718831,1.0497410474922932,1.0477706340475563
AUT,19,0.9981659134897161,1.074221612155313,1.0477706340475563
AUT,20,1.0222634232745724,1.0560275254640097,1.0477706340475563
AUT,21,1.0186100594552356,1.0391455133227219,1.0477706340475563
AUT,22,1.0584852844201644,1.0465612168904819,1.0477706340475563
AUT,23,1.0256091396467573,1.0500281036952088,1.0477706340475563
AUT,24,1.0343393586348568,1.0648858547831541,1.0477706340475563
AUT,25,1.0338098932926143,1.050150740308431,1.0477706340475563
AUT,26,1.0302915202051095,1.0382411627354313,1.0477706340475563
AUT,27,1.041511828403403,1.0433550729798764,1.0477706340475563
AUT,28,1.031604860635979,1.0415016988912573,1.0477706340475563
AUT,29T30,1.028673222192715,1.0419248582980964,1.0477706340475563
AUT,31T33,1.0355196930501753,1.0460332565702979,1.0477706340475563
AUT,35,1.0363022413801004,1.0711730184592447,1.0477706340475563
AUT,36T39,1.0293809499085174,1.0381841302387051,1.0477706340475563
AUT,41T43,1.0393800510404716,1.042880059098279,1.0477706340475563
AUT,45T47,1.0217799288191687,1.0349966582364216,1.0477706340475563
AUT,49,0.9997019489559024,1.0381931184953495,1.0477706340475563
AUT,50,1.0541899080683768,1.0417991137606648,1.0477706340475563
AUT,51,0.9911954262178133,1.038983865486416,1.0477706340475563
AUT,52,1.0190800793520736,1.0346365998117182,1.0477706340475563
AUT,53,1.0256293703965977,1.0336643599629962,1.0477706340475563
AUT,55T56,1.0397116036724807,1.0368772048886372,1.0477706340475563
AUT,58T60,1.0134255449694947,1.0363947562888463,1.0477706340475563
AUT,61,1.0226617322561131,1.033465927772028,1.0477706340475563
AUT,62T63,1.0066841925150858,1.031210170236879,1.0477706340475563
AUT,64T66,1.0210602182284418,1.0321701507247714,1.0477706340475563
AUT,68,1.0407514353722496,1.0337749214753278,1.0477706340475563
AUT,69T75,1.0170444199792843,1.0337450628160514,1.0477706340475563
AUT,77T82,1.0280616574743593,1.0339595399765567,1.0477706340475563
AUT,84,1.0439597522948205,1.0342215716219618,1.0477706340475563
AUT,85,1.04363016296807,1.0332156726637047,1.0477706340475563
AUT,86T88,1.044542754225694,1.0351664153065159,1.0477706340475563
AUT,90T93,1.0386742466421766,1.0347250780880042,1.0477706340475563
AUT,94T98,1.0413510771497856,1.0345714127037755,1.0477706340475563
BEL,01T02,0.9463698461052623,1.0561710068371066,1.0426552452286004
BEL,03,1.0344371594855795,1.0388972521410935,1.0426552452286004
BEL,05T06,0.015380296528403383,1.1444975688782575,1.0426552452286004
BEL,07T08,0.9973412164931288,1.040271918295737,1.0426552452286004
BEL,10T12,1.018641817405954,1.0615325100111572,1.0426552452286004
BEL,13T15,0.9991103996204391,1.040334467128728,1.0426552452286004
BEL,16,1.0478640974919766,1.0492081689265105,1.0426552452286004
BEL,17T18,1.0165032153671503,1.0443780003639656,1.0426552452286004
BEL,19,0.9991201564206602,1.0630265776501424,1.0426552452286004
BEL,20,0.9826738703441867,1.048815419565762,1.0426552452286004
BEL,21,1.018578339904264,1.0333154451143243,1.0426552452286004
BEL,22,1.0380604672079148,1.052532176581454,1.0426552452286004
BEL,23,0.9831789209050225,1.0451425016780878,1.0426552452286004
BEL,24,1.1746043251897471,1.0634936142130584,1.0426552452286004
BEL,25,1.0411560992203908,1.0478735546082056,1.0426552452286004
BEL,26,1.0299356092222165,1.0366836432580984,1.0426552452286004
BEL,27,1.0350866947776491,1.0461595583271928,1.0426552452286004
BEL,28,1.030364354891192,1.0413320369396857,1.0426552452286004
BEL,29T30,1.0359594800911713,1.0386715755039801,1.0426552452286004
BEL,31T33,1.0651217940353825,1.0363628524808588,1.0426552452286004
BEL,35,0.970317812754325,1.0495623274313368,1.0426552452286004
BEL,36T39,1.0627320572557757,1.0365565522366489,1.0426552452286004
BEL,41T43,1.036485502647899,1.0408617062662877,1.0426552452286004
BEL,45T47,1.019316059595846,1.031678939665313,1.0426552452286004
BEL,49,1.018736750699359,1.035172746769014,1.0426552452286004
BEL,50,0.7195720414131248,1.0524163070239574,1.0426552452286004
BEL,51,0.9949741602588617,1.0476788526333873,1.0426552452286004
BEL,52,1.000432324520442,1.0362115135704812,1.0426552452286004
BEL,53,1.011265465018506,1.0364445846730872,1.0426552452286004
BEL,55T56,1.0310308814738278,1.0387424199603326,1.0426552452286004
BEL,58T60,1.0107689931517123,1.0307096224017378,1.0426552452286004
BEL,61,1.0177372280482726,1.0283000360511325,1.0426552452286004
BEL,62T63,1.0108704899916445,1.0297487413149529,1.0426552452286004
BEL,64T66,1.0171686004002092,1.024300236009223,1.0426552452286004
BEL,68,1.035834459261972,1.0274552015443286,1.0426552452286004
BEL,69T75,1.0155326406917313,1.0289614359162478,1.0426552452286004
BEL,77T82,1.0167050881802666,1.0329611536103822,1.0426552452286004
BEL,84,1.0396656327458906,1.0280333256798222,1.0426552452286004
BEL,85,1.040136435822396,1.0267797097406601,1.0426552452286004
BEL,86T88,1.0404714819686283,1.0309664184609793,1.0426552452286004
BEL,90T93,1.0332673976641322,1.03218729950368,1.0426552452286004
BEL,94T98,1.0351533895230602,1.031142302366492,1.0426552452286004
BGR,01T02,0.7274725873957352,1.048457449591475,1.049680798727866
BGR,03,1.0101364283049905,1.0592468725196884,1.049680798727866
BGR,05T06,0.8576502578312186,1.0737698966827647,1.049680798727866
BGR,07T08,0.9750603664147537,1.042552158413813,1.049680798727866
BGR,10T12,1.0107376065512585,1.0631865202909514,1.049680798727866
BGR,13T15,1.057643984231926,1.0271533624356861,1.049680798727866
BGR,16,0.9555101828553717,1.0717520404202474,1.049680798727866
BGR,17T18,0.994339861507788,1.0431528405558073,1.049680798727866
BGR,19,0.9196614792832699,1.053110894309215,1.049680798727866
BGR,20,0.6101994664195283,1.0694565731800711,1.049680798727866
BGR,21,0.719212318773896,1.0603951336174835,1.049680798727866
BGR,22,1.0659778985527804,1.0440789355105466,1.049680798727866
BGR,23,0.7457599002517962,1.067991040847562,1.049680798727866
BGR,24,1.2255344736247213,1.0751155645014434,1.049680798727866
BGR,25,1.0495652686873118,1.0406130271440943,1.049680798727866
BGR,26,1.0379025992758821,1.0309834231384072,1.049680798727866
BGR,27,1.0403281677038396,1.0425791506529432,1.049680798727866
BGR,28,1.0306797696614818,1.0397494591308643,1.049680798727866
BGR,29T30,1.043592514788407,1.0337815380291062,1.049680798727866
BGR,31T33,1.0825417661118777,1.026701180571653,1.049680798727866
BGR,35,0.6271115008093607,1.0371520333780446,1.049680798727866
BGR,36T39,1.0192729603041386,1.055869352309842,1.049680798727866
BGR,41T43,1.0309114968572946,1.0447818154390993,1.049680798727866
BGR,45T47,1.0061326194762397,1.0187832958485235,1.049680798727866
BGR,49,0.9252346585637585,1.0313263905490637,1.049680798727866
BGR,50,0.8924089738219751,1.0365195407946133,1.049680798727866
BGR,51,1.0870438408881884,1.0351306131682447,1.049680798727866
BGR,52,0.9913592801363836,1.0285324449339923,1.049680798727866
BGR,53,1.022366101827581,1.0138798058539655,1.049680798727866
BGR,55T56,1.029506278487052,1.0268499779305684,1.049680798727866
BGR,58T60,1.0590565513816406,1.0064626885236103,1.049680798727866
BGR,61,1.0394238823229218,1.0172125476535745,1.049680798727866
BGR,62T63,1.0352595580614095,1.0053647565135266,1.049680798727866
BGR,64T66,1.0209904073851404,1.0028059690402178,1.049680798727866
BGR,68,1.04100728135947,1.0100055419261236,1.049680798727866
BGR,69T75,1.0319279875527054,1.0080314018205214,1.049680798727866
BGR,77T82,1.0255011050977965,1.0141732933941996,1.049680798727866
BGR,84,1.0466869306293238,1.010458230877501,1.049680798727866
BGR,85,1.0473566774967442,0.998637895236925,1.049680798727866
BGR,86T88,1.0443311679248974,1.0143070309466962,1.049680798727866
BGR,90T93,1.0401021872908487,1.0125410152463845,1.049680798727866
BGR,94T98,1.033659497089394,1.0202615309017373,1.049680798727866
BRA,01T02,0.40244888251982786,1.0127909662776222,0.9887160520423218
BRA,03,0.9853006332314523,0.959392053857697,0.9887160520423218
BRA,05T06,0.8315415046339382,0.9861949200907648,0.9887160520423218
BRA,07T08,1.0200883934557132,0.9761143949564756,0.9887160520423218
BRA,10T12,0.9180706062283572,1.1540760480128802,0.9887160520423218
BRA,13T15,1.0227090151481129,0.9973846367908785,0.9887160520423218
BRA,16,1.015011047510796,1.027731544097836,0.9887160520423218
BRA,17T18,0.9993781861190499,1.0127576929632822,0.9887160520423218
BRA,19,0.8959303257482178,1.0482400046298193,0.9887160520423218
BRA,20,0.850757223514793,1.050866429343725,0.9887160520423218
BRA,21,1.0054287138670326,0.9734208384764134,0.9887160520423218
BRA,22,0.9962653399827968,1.013079954220777,0.9887160520423218
BRA,23,0.786859154846339,1.0022439673490993,0.9887160520423218
BRA,24,0.8980676493452401,1.015234751738275,0.9887160520423218
BRA,25,1.0025916819569323,1.0102221979009007,0.9887160520423218
BRA,26,1.0262620721749833,0.9837424723263539,0.9887160520423218
BRA,27,1.0273479185980978,1.0023544098162491,0.9887160520423218
BRA,28,1.032142981915358,0.990945012984544,0.9887160520423218
BRA,29T30,1.0478736950573855,0.9951543320437014,0.9887160520423218
BRA,31T33,1.0035464154845941,0.9856919296095936,0.9887160520423218
BRA,35,0.9027540857828793,0.9858189632168872,0.9887160520423218
BRA,36T39,0.9752844261094651,0.9670976372146248,0.9887160520423218
BRA,41T43,0.985878353781996,0.993822401277719,0.9887160520423218
BRA,45T47,0.9838470664791599,0.9651910686904351,0.9887160520423218
BRA,49,0.9285729052421661,0.9854739130487886,0.9887160520423218
BRA,50,0.8908182292365254,0.9862634457030083,0.9887160520423218
BRA,51,0.9178993455129346,0.9940538921232142,0.9887160520423218
BRA,52,0.9999552183525493,0.9651780445450148,0.9887160520423218
BRA,53,0.984570588004645,0.9634279360929464,0.9887160520423218
BRA,55T56,0.9945170120087902,1.0021019062885825,0.9887160520423218
BRA,58T60,1.0396315358048438,0.9797537755364254,0.9887160520423218
BRA,61,0.9950306279977864,0.9612066553317955,0.9887160520423218
BRA,62T63,1.031684833341173,0.9578428274342963,0.9887160520423218
BRA,64T66,0.9806216468139423,0.9558372115781971,0.9887160520423218
BRA,68,0.9914291269410904,0.9523226231591662,0.9887160520423218
BRA,69T75,1.0074228138578012,0.9596349721680855,0.9887160520423218
BRA,77T82,0.9955803783614814,0.9620158481882752,0.9887160520423218
BRA,84,0.9884882769905425,0.9575446123595572,0.9887160520423218
BRA,85,0.9890595415962417,0.9562610804864654,0.9887160520423218
BRA,86T88,0.9891023863398857,0.9628379153049874,0.9887160520423218
BRA,90T93,1.0061986973445225,0.9633564215493949,0.9887160520423218
BRA,94T98,0.9874046219991865,0.973827208642173,0.9887160520423218
BRN,01T02,1.013775671740184,0.9842747737932213,0.950062411624082
BRN,03,1.026779640951054,0.9708520758478228,0.950062411624082
BRN,05T06,0.9188815949605279,0.960357589364747,0.950062411624082
BRN,07T08,1.2219491561046307,0.9559376304176549,0.950062411624082
BRN,10T12,1.2357866998558371,0.9951104827002797,0.950062411624082
BRN,13T15,1.171560078092408,0.9794352346442221,0.950062411624082
BRN,16,1.2382061731568441,0.9814257984708046,0.950062411624082
BRN,17T18,1.0500141529297595,0.9872634616985689,0.950062411624082
BRN,19,0.9802587656993433,0.958579133974812,0.950062411624082
BRN,20,1.3888021324927362,0.9593665114558477,0.950062411624082
BRN,21,1.1838417676638702,0.9623837070001904,0.950062411624082
BRN,22,1.1374777556808746,0.9887335845071302,0.950062411624082
BRN,23,1.1395197125217305,0.977438642756553,0.950062411624082
BRN,24,1.919496223963735,0.959422318229195,0.950062411624082
BRN,25,1.1259780669905937,1.0190620267591426,0.950062411624082
BRN,26,1.0199706986723636,0.9762893705090152,0.950062411624082
BRN,27,1.1242437144697448,0.9798085441615896,0.950062411624082
BRN,28,1.1065106596522558,0.9754757583422279,0.950062411624082
BRN,29T30,1.0616633063160503,0.9722014863237449,0.950062411624082
BRN,31T33,0.7542761284952798,0.9828862503827087,0.950062411624082
BRN,35,0.9679210720012968,0.9655220325013837,0.950062411624082
BRN,36T39,0.9541255371042184,0.9663490150393459,0.950062411624082
BRN,41T43,0.9506784384143353,0.987742149850224,0.950062411624082
BRN,45T47,0.9921183235083619,0.9716461442088393,0.950062411624082
BRN,49,1.019912511390858,0.9649359845456946,0.950062411624082
BRN,50,0.978361553434212,0.9655643449532225,0.950062411624082
BRN,51,1.014525744162906,0.9627715065004574,0.950062411624082
BRN,52,1.086148821098378,0.9697802417346572,0.950062411624082
BRN,53,1.0562146232744947,0.9798780890092926,0.950062411624082
BRN,55T56,1.0307199111990955,0.9948348535940097,0.950062411624082
BRN,58T60,1.0586729576810978,0.9638624648822138,0.950062411624082
BRN,61,0.9673012900992595,0.9758654084178048,0.950062411624082
BRN,62T63,1.0301088145421913,0.9712981640925487,0.950062411624082
BRN,64T66,0.98064913923851,0.9620625843689794,0.950062411624082
BRN,68,0.9789058053201344,0.9580214497694274,0.950062411624082
BRN,69T75,0.9896193767685324,0.9694940959964371,0.950062411624082
BRN,77T82,1.0122396123076347,0.9727560692820691,0.950062411624082
BRN,84,0.9527515762604977,0.9681288892113148,0.950062411624082
BRN,85,0.9553417514865868,0.971345149935862,0.950062411624082
BRN,86T88,0.9567199561165787,0.9770429284562611,0.950062411624082
BRN,90T93,1.0170065360889478,0.9846547740082369,0.950062411624082
BRN,94T98,1.0150931732283257,0.9651727212267098,0.950062411624082
CAN,01T02,0.6618898224867812,1.0646903423681646,1.017826100980055
CAN,03,0.9863251294876297,1.0223918227886228,1.017826100980055
CAN,05T06,0.8194657175885522,1.0170878729327155,1.017826100980055
CAN,07T08,1.0251117476623335,1.0162910981436606,1.017826100980055
CAN,10T12,0.9774584110513309,1.0841047463131848,1.017826100980055
CAN,13T15,1.0819302396936212,1.0181226765364197,1.017826100980055
CAN,16,0.8995952530752905,1.100529457316935,1.017826100980055
CAN,17T18,0.9781405879811919,1.040702204932004,1.017826100980055
CAN,19,0.8183627957201703,1.0728096316280098,1.017826100980055
CAN,20,0.907008803672634,1.0399899741233356,1.017826100980055
CAN,21,1.0204926274250656,1.0188298810820022,1.017826100980055
CAN,22,1.0051079776681093,1.0340890992538918,1.017826100980055
CAN,23,0.9631020822139541,1.0393929711393497,1.017826100980055
CAN,24,1.1033037623733657,1.0522375708540312,1.017826100980055
CAN,25,1.0793967238287898,1.0298205060948913,1.017826100980055
CAN,26,1.0470298209501954,1.013043571593208,1.017826100980055
CAN,27,1.058509815783929,1.030340475960296,1.017826100980055
CAN,28,1.0409209692409809,1.0219574735231924,1.017826100980055
CAN,29T30,1.0498195871304707,1.0251712791532186,1.017826100980055
CAN,31T33,1.0287665585230417,1.0204854433877764,1.017826100980055
CAN,35,0.9112275837005956,1.003993464343158,1.017826100980055
CAN,36T39,0.9960790604608197,1.0067731317308386,1.017826100980055
CAN,41T43,1.0064324830917084,1.0240120843599647,1.017826100980055
CAN,45T47,1.0154776595863702,1.002329346215645,1.017826100980055
CAN,49,0.92251021121783,1.0172542812431369,1.017826100980055
CAN,50,0.8284881122668452,1.044815165579443,1.017826100980055
CAN,51,0.7999835411244609,1.0221306063678444,1.017826100980055
CAN,52,0.9744985323585862,1.0138724181524588,1.017826100980055
CAN,53,1.010496283728577,1.0141575575575217,1.017826100980055
CAN,55T56,1.0165219700959456,1.0217821242185774,1.017826100980055
CAN,58T60,1.0296714075791524,1.0075436883012114,1.017826100980055
CAN,61,1.01052676344655,1.0024129441195877,1.017826100980055
CAN,62T63,1.0157197237715778,1.001047398036905,1.017826100980055
CAN,64T66,1.0048763681217274,1.001029133590919,1.017826100980055
CAN,68,1.0148417031842434,0.9975992911791479,1.017826100980055
CAN,69T75,1.0007686448171573,1.0029225955649521,1.017826100980055
CAN,77T82,0.9997995410643574,1.0047278249210563,1.017826100980055
CAN,84,1.0135705260613903,1.004468674430376,1.017826100980055
CAN,85,1.0164575256621653,1.00022398319233,1.017826100980055
CAN,86T88,1.0138537711273956,1.002078451566054,1.017826100980055
CAN,90T93,1.0172389560949868,1.00847971710044,1.017826100980055
CAN,94T98,1.0103524913244322,1.0069917988810502,1.017826100980055
CHE,01T02,1.0596146003880782,1.0534760351845882,1.050027354908464
CHE,03,1.0275221833360881,1.0327438551660881,1.050027354908464
CHE,05T06,0.9705093650794204,1.0465673526650205,1.050027354908464
CHE,07T08,1.076247007609134,1.0451729184518144,1.050027354908464
CHE,10T12,1.0443375542967577,1.0556331166130823,1.050027354908464
CHE,13T15,1.0193840070308022,1.039091499430509,1.050027354908464
CHE,16,1.071974166845138,1.0439799066911555,1.050027354908464
CHE,17T18,1.0293961991499998,1.042840962285428,1.050027354908464
CHE,19,1.0386589009118308,1.057335960143243,1.050027354908464
CHE,20,1.081749083448522,1.0471003845069853,1.050027354908464
CHE,21,1.0307586451442519,1.0399813021221163,1.050027354908464
CHE,22,1.053592772287272,1.0465129982413837,1.050027354908464
CHE,23,1.033568128058413,1.0529217190810132,1.050027354908464
CHE,24,1.3836854547921102,1.0577050141933386,1.050027354908464
CHE,25,1.0581435539771555,1.0437199770629482,1.050027354908464
CHE,26,1.0239281931109012,1.0410112014731914,1.050027354908464
CHE,27,1.036808356901067,1.0461491749256906,1.050027354908464
CHE,28,1.0294775446554751,1.0420906380163146,1.050027354908464
CHE,29T30,1.0260777453016332,1.0408178790850293,1.050027354908464
CHE,31T33,1.0783343192350827,1.0420174314531265,1.050027354908464
CHE,35,1.1006010479306212,1.045611806697311,1.050027354908464
CHE,36T39,1.0510739142422858,1.0412712432707139,1.050027354908464
CHE,41T43,1.0476088887198285,1.043783132168817,1.050027354908464
CHE,45T47,1.017823043625789,1.040509019818024,1.050027354908464
CHE,49,1.036155740682511,1.0430405031282293,1.050027354908464
CHE,50,1.0398689932908058,1.0530971571705527,1.050027354908464
CHE,51,0.9811462660053619,1.0486885387206393,1.050027354908464
CHE,52,1.0037799135923806,1.0460551875724404,1.050027354908464
CHE,53,1.0239640012762135,1.037837447030997,1.050027354908464
CHE,55T56,1.0287558941407573,1.0424628221476417,1.050027354908464
CHE,58T60,0.995686561845503,1.0366839236391265,1.050027354908464
CHE,61,1.0295871010674593,1.0358881374198419,1.050027354908464
CHE,62T63,1.0022998458812553,1.0322102660600085,1.050027354908464
CHE,64T66,1.0131161670244766,1.0344959243463043,1.050027354908464
CHE,68,1.0444490059490896,1.0351985347378225,1.050027354908464
CHE,69T75,1.024951087597673,1.0362758642082983,1.050027354908464
CHE,77T82,1.030047711521254,1.0367794742111796,1.050027354908464
CHE,84,1.044083063461423,1.037157013071489,1.050027354908464
CHE,85,1.0388066579763653,1.0396112368376833,1.050027354908464
CHE,86T88,1.0484372844780927,1.03709552764973,1.050027354908464
CHE,90T93,1.0327371021813039,1.0373372363428859,1.050027354908464
CHE,94T98,1.0426396227310932,1.0362288790747625,1.050027354908464
CHL,01T02,1.0332045221317805,1.0683400559122675,1.0716979018563169
CHL,03,1.0205476465689152,1.0625928108430793,1.0716979018563169
CHL,05T06,0.5598548151729142,1.0566487637155249,1.0716979018563169
CHL,07T08,0.9137006519501871,1.0653898570620766,1.0716979018563169
CHL,10T12,1.0429918327136785,1.0753309883737374,1.0716979018563169
CHL,13T15,0.9914785640238956,1.0590032156090377,1.0716979018563169
CHL,16,0.994491378718602,1.0798280347220142,1.0716979018563169
CHL,17T18,0.934029836251986,1.0812010865983646,1.0716979018563169
CHL,19,0.9550407169266454,1.1090431496896542,1.0716979018563169
CHL,20,0.989006047082971,1.078002483713853,1.0716979018563169
CHL,21,1.0243077852135087,1.0582783871488608,1.0716979018563169
CHL,22,0.8870330455672036,1.0731475612293842,1.0716979018563169
CHL,23,0.9623914491506272,1.095657093968144,1.0716979018563169
CHL,24,1.4007304651411938,1.074662762815411,1.0716979018563169
CHL,25,1.0400171869194264,1.0715403307492484,1.0716979018563169
CHL,26,1.0470808447678848,1.0572798430801034,1.0716979018563169
CHL,27,1.0141563049387186,1.070025408996225,1.0716979018563169
CHL,28,1.0141655488346768,1.0681912925200356,1.0716979018563169
CHL,29T30,1.005897201593988,1.0594399325601551,1.0716979018563169
CHL,31T33,0.9808861365673227,1.0611638066727538,1.0716979018563169
CHL,35,0.8729136102464236,1.1372697357926844,1.0716979018563169
CHL,36T39,1.0560458989108106,1.0597334140602752,1.0716979018563169
CHL,41T43,1.0635252891829245,1.0647304487956477,1.0716979018563169
CHL,45T47,1.020538891864606,1.0540823760147737,1.0716979018563169
CHL,49,0.9791973999199914,1.0631693404647364,1.0716979018563169
CHL,50,0.7672108147463215,1.0601469408007458,1.0716979018563169
CHL,51,0.7810184460697371,1.059045544454513,1.0716979018563169
CHL,52,0.9998443718880413,1.0523743943269015,1.0716979018563169
CHL,53,1.0230161970443776,1.0594426002424069,1.0716979018563169
CHL,55T56,1.0472026892791577,1.0598296762573265,1.0716979018563169
CHL,58T60,1.0164769242939875,1.0554285689280694,1.0716979018563169
CHL,61,1.0540737871195536,1.0560763776125093,1.0716979018563169
CHL,62T63,1.0200707497419828,1.0482576266839834,1.0716979018563169
CHL,64T66,1.039024953833367,1.0480884365431649,1.0716979018563169
CHL,68,1.054525787506918,1.0484840874793402,1.0716979018563169
CHL,69T75,1.0421789447126963,1.0484395434618499,1.0716979018563169
CHL,77T82,1.018535579665625,1.0486313744721028,1.0716979018563169
CHL,84,1.0664312597039638,1.0515330726872634,1.0716979018563169
CHL,85,1.0689950628624927,1.0496574222520993,1.0716979018563169
CHL,86T88,1.0679810085712915,1.052107295362069,1.0716979018563169
CHL,90T93,1.0558408711071192,1.0487059953217173,1.0716979018563169
CHL,94T98,1.051647152476544,1.0502986304568396,1.0716979018563169
CHN,01T02,0.9614040839061188,1.0410592430514602,1.0442317550694487
CHN,03,1.0210284774841674,1.0228525965715234,1.0442317550694487
CHN,05T06,0.7432979001629614,1.0650322009611741,1.0442317550694487
CHN,07T08,0.756610979515405,1.0879091577341566,1.0442317550694487
CHN,10T12,1.0124788227127954,1.0564898470882633,1.0442317550694487
CHN,13T15,0.9930279288402168,1.0465617562653184,1.0442317550694487
CHN,16,0.9834611744141417,1.063068300779647,1.0442317550694487
CHN,17T18,0.9906402425548979,1.053260008364322,1.0442317550694487
CHN,19,0.8469604743747307,1.0580311869940755,1.0442317550694487
CHN,20,0.9013370720344425,1.078717318497597,1.0442317550694487
CHN,21,0.9961206352019709,1.0411031260479837,1.0442317550694487
CHN,22,0.9468665391973866,1.0727979219313561,1.0442317550694487
CHN,23,0.868339006402011,1.0948414913238722,1.0442317550694487
CHN,24,0.8119119919648374,1.1156107463787635,1.0442317550694487
CHN,25,0.9692599508974522,1.0961693400878367,1.0442317550694487
CHN,26,1.0081364188962056,1.0431704833444608,1.0442317550694487
CHN,27,0.9750101904041493,1.0812195912034224,1.0442317550694487
CHN,28,0.9871342126165596,1.0700912274726015,1.0442317550694487
CHN,29T30,1.0155131787433727,1.0496910899821719,1.0442317550694487
CHN,31T33,0.968581531480644,1.0484896293211798,1.0442317550694487
CHN,35,0.6193514578963368,1.139489996468372,1.0442317550694487
CHN,36T39,0.9462005847200886,1.0511462847425788,1.0442317550694487
CHN,41T43,1.0403706291758006,1.0898499782272029,1.0442317550694487
CHN,45T47,1.004630315689784,0.9984336549484478,1.0442317550694487
CHN,49,0.963532062697265,1.0283213622041316,1.0442317550694487
CHN,50,0.7824727518468354,1.0529845941119582,1.0442317550694487
CHN,51,0.9349301814692377,1.0343940758837769,1.0442317550694487
CHN,52,0.940050803213238,1.0348506004659521,1.0442317550694487
CHN,53,0.9795663599237928,1.0179568286696377,1.0442317550694487
CHN,55T56,1.014914370941161,1.0265747231990867,1.0442317550694487
CHN,58T60,1.0361358840030432,1.0114906445532694,1.0442317550694487
CHN,61,1.0207265444742615,1.0163244198020278,1.0442317550694487
CHN,62T63,1.03676427001396,0.992322857339702,1.0442317550694487
CHN,64T66,0.9880345536071616,0.9821040119800595,1.0442317550694487
CHN,68,1.0347730155908303,0.9835717810469297,1.0442317550694487
CHN,69T75,1.0008703319365755,1.0148054418967853,1.0442317550694487
CHN,77T82,0.9949632590247902,1.0128246345034675,1.0442317550694487
CHN,84,1.0416946720750055,0.9940401705422196,1.0442317550694487
CHN,85,1.0435642081051066,0.9918496585515082,1.0442317550694487
CHN,86T88,1.0417680482126987,1.0022563588430649,1.0442317550694487
CHN,90T93,1.0375530615882989,0.9959466724812889,1.0442317550694487
CHN,94T98,1.0318234366731924,0.9998704759615353,1.0442317550694487
COL,01T02,0.6056396536162202,1.0147288558228165,1.013738291493831
COL,03,1.0065859641161181,1.039848131052911,1.013738291493831
COL,05T06,0.8902961775968067,1.002839889775431,1.013738291493831
COL,07T08,0.9522670781388571,0.9919146343641309,1.013738291493831
COL,10T12,0.9393894049931288,1.122097902963122,1.013738291493831
COL,13T15,1.0259969323656,1.0029411378786575,1.013738291493831
COL,16,0.9636409587425755,1.0634901082286952,1.013738291493831
COL,17T18,0.9856705480583337,1.0102390266159205,1.013738291493831
COL,19,0.909935286111145,1.035768424025749,1.013738291493831
COL,20,1.0500135006708369,1.0158232209936742,1.013738291493831
COL,21,1.062864183843676,0.9969602411293237,1.013738291493831
COL,22,1.058001719675006,1.0206361258150587,1.013738291493831
COL,23,0.9336420581033709,1.0120245167597908,1.013738291493831
COL,24,1.1117333556472382,1.0343358608281341,1.013738291493831
COL,25,1.0474162385251324,1.0194784597325284,1.013738291493831
COL,26,1.0410751219135645,1.011624995443613,1.013738291493831
COL,27,1.0528850824079488,1.0184308794054466,1.013738291493831
COL,28,1.039503308159876,1.0159271461631336,1.013738291493831
COL,29T30,1.0663855206058632,1.0057672033769927,1.013738291493831
COL,31T33,1.030201890710782,1.001847410268819,1.013738291493831
COL,35,0.9117544886355476,1.0156339277425028,1.013738291493831
COL,36T39,1.0018266240181182,0.9891370674246845,1.013738291493831
COL,41T43,1.0095948690137158,1.0126404170969712,1.013738291493831
COL,45T47,1.0018263469616036,0.9839865596295875,1.013738291493831
COL,49,0.9572419158536064,0.9982244291620082,1.013738291493831
COL,50,0.9529766555596645,0.9975286411237355,1.013738291493831
COL,51,0.9741814250791839,1.0062058727448004,1.013738291493831
COL,52,1.0018537609618874,0.9806073221106023,1.013738291493831
COL,53,1.0100317243295398,0.990349909313793,1.013738291493831
COL,55T56,1.014216961460812,1.022510124659353,1.013738291493831
COL,58T60,1.0494911797064808,0.9847913860141475,1.013738291493831
COL,61,1.0154110055667054,0.9779725009569051,1.013738291493831
COL,62T63,1.0298949514115108,0.9761799148220963,1.013738291493831
COL,64T66,1.016760017905961,0.9776247813969309,1.013738291493831
COL,68,1.0138896699472166,0.9712279217398726,1.013738291493831
COL,69T75,1.0149430089066476,0.9768500622125446,1.013738291493831
COL,77T82,1.0069382954645894,0.9751813312677173,1.013738291493831
COL,84,1.0113643894650615,0.983082542568117,1.013738291493831
COL,85,1.0145765058708074,0.9772824576706438,1.013738291493831
COL,86T88,1.0125173972806953,0.9831152269492073,1.013738291493831
COL,90T93,1.018588251600722,0.9798852688191708,1.013738291493831
COL,94T98,1.0141972178257024,0.9800875150258225,1.013738291493831
CRI,01T02,1.0758150819764536,1.03129868968323,1.029626180053642
CRI,03,1.0281699625181642,1.032681988603255,1.029626180053642
CRI,05T06,1.038675394325309,1.0318984351900793,1.029626180053642
CRI,07T08,1.0229793560481313,1.0321869092735965,1.029626180053642
CRI,10T12,1.0392913934573855,1.0313823153917439,1.029626180053642
CRI,13T15,1.0110261442873454,1.0298101353875593,1.029626180053642
CRI,16,1.050929288164479,1.032335027145848,1.029626180053642
CRI,17T18,1.011096602708951,1.0296075459223204,1.029626180053642
CRI,19,1.0585469756252504,1.0318485684745784,1.029626180053642
CRI,20,1.0638084517243696,1.031819121349532,1.029626180053642
CRI,21,0.986198575235174,1.0305587847854785,1.029626180053642
CRI,22,1.075710283337851,1.032985598592699,1.029626180053642
CRI,23,1.0266446427932217,1.0322171127139739,1.029626180053642
CRI,24,1.1643012673201825,1.039772065295242,1.029626180053642
CRI,25,1.0624535212329431,1.0351379354903152,1.029626180053642
CRI,26,1.0305044997221446,1.0307172455745062,1.029626180053642
CRI,27,1.0528127993383403,1.0337724447807075,1.029626180053642
CRI,28,1.041114146639892,1.0337530081227666,1.029626180053642
CRI,29T30,1.049536353706105,1.0332868995467064,1.029626180053642
CRI,31T33,1.0646642997168554,1.0316903330385114,1.029626180053642
CRI,35,1.0359734103547615,1.0304854550890945,1.029626180053642
CRI,36T39,1.0354023594972417,1.030805466280098,1.029626180053642
CRI,41T43,1.0290551491720006,1.0325467069109497,1.029626180053642
CRI,45T47,1.0173954989470393,1.0305531018191036,1.029626180053642
CRI,49,1.0154632801388805,1.0324428133535024,1.029626180053642
CRI,50,0.973507049490418,1.0333397679318703,1.029626180053642
CRI,51,1.0990108831131666,1.0337673337699,1.029626180053642
CRI,52,1.0174518745325225,1.031203114882089,1.029626180053642
CRI,53,1.0266139177665032,1.0302494950378724,1.029626180053642
CRI,55T56,1.0286238534970045,1.0307650363630436,1.029626180053642
CRI,58T60,1.0183957037892364,1.0297031790440179,1.029626180053642
CRI,61,1.022031003233328,1.0301035349339835,1.029626180053642
CRI,62T63,1.0104506708038605,1.03014513929729,1.029626180053642
CRI,64T66,1.0226907257171494,1.030008128354761,1.029626180053642
CRI,68,1.0280337608471994,1.0304658305819987,1.029626180053642
CRI,69T75,1.0205074544033546,1.030241089752453,1.029626180053642
CRI,77T82,1.0251734216153776,1.0304747714408338,1.029626180053642
CRI,84,1.0295554062920922,1.0303866717606605,1.029626180053642
CRI,85,1.0287203419471718,1.0303831348569872,1.029626180053642
CRI,86T88,1.0289645574136188,1.0303917208582367,1.029626180053642
CRI,90T93,1.016752889586926,1.0305621944211785,1.029626180053642
CRI,94T98,1.0273505248090595,1.0306706627909696,1.029626180053642
CYP,01T02,1.042026987742411,1.036723390959962,1.0322476331006096
CYP,03,1.0171147327652492,1.025138882596447,1.0322476331006096
CYP,05T06,0.8653869033521087,1.0535278248062585,1.0322476331006096
CYP,07T08,0.8915565241132258,1.0696790046241584,1.0322476331006096
CYP,10T12,1.0259523053783046,1.0517104366988899,1.0322476331006096
CYP,13T15,1.0603138601087032,1.027754917490563,1.0322476331006096
CYP,16,1.0526071216156236,1.0331085524511145,1.0322476331006096
CYP,17T18,1.0228475624988203,1.0325337931711118,1.0322476331006096
CYP,19,0.31492656866075397,1.0225028605737319,1.0322476331006096
CYP,20,1.1263922868505036,1.0376836405405803,1.0322476331006096
CYP,21,1.0411278575108258,1.0329639749974397,1.0322476331006096
CYP,22,1.027234235614648,1.051565429520328,1.0322476331006096
CYP,23,0.6130849545092306,1.1137554335190123,1.0322476331006096
CYP,24,1.186673621871014,1.0567662219701814,1.0322476331006096
CYP,25,1.0195624209422456,1.0517513217263994,1.0322476331006096
CYP,26,0.9975055374844574,1.059631171557811,1.0322476331006096
CYP,27,1.0543095654122039,1.0340209477732303,1.0322476331006096
CYP,28,1.039873144544356,1.0341204521909388,1.0322476331006096
CYP,29T30,1.0418245667432775,1.0338364352101763,1.0322476331006096
CYP,31T33,1.022934032343978,1.032238898675321,1.0322476331006096
CYP,35,0.7286604757673725,1.0360562795570396,1.0322476331006096
CYP,36T39,1.0166847706912143,1.0503411376925467,1.0322476331006096
CYP,41T43,1.0170296054375172,1.0470794161604267,1.0322476331006096
CYP,45T47,1.0084437887734714,1.0257296282547756,1.0322476331006096
CYP,49,0.9870896432351701,1.0273194290220014,1.0322476331006096
CYP,50,1.1701805489855663,1.020045401279901,1.0322476331006096
CYP,51,0.8954484393692446,1.0308411221053873,1.0322476331006096
CYP,52,1.0003954967586546,1.025088660825084,1.0322476331006096
CYP,53,1.0031180543289862,1.0248211151952542,1.0322476331006096
CYP,55T56,1.0072489914885314,1.0342005574157282,1.0322476331006096
CYP,58T60,1.0048749109266117,1.0209669372476855,1.0322476331006096
CYP,61,1.0076837407028179,1.0236322572924952,1.0322476331006096
CYP,62T63,0.973462827172199,1.0154835181782542,1.0322476331006096
CYP,64T66,0.9907701877002962,1.0144217729880038,1.0322476331006096
CYP,68,1.0229577566140797,1.015857307207862,1.0322476331006096
CYP,69T75,1.0111903487953429,1.0167060531565462,1.0322476331006096
CYP,77T82,1.0056160954098912,1.018567094432831,1.0322476331006096
CYP,84,1.0288932940000333,1.0204809018004473,1.0322476331006096
CYP,85,1.028778111976676,1.0161336949586073,1.0322476331006096
CYP,86T88,1.0286401204897904,1.024040774572298,1.0322476331006096
CYP,90T93,1.0242120488156519,1.0243869265863896,1.0322476331006096
CYP,94T98,1.0245880951603807,1.020186658160498,1.0322476331006096
CZE,01T02,0.9952986172560739,1.0455851465645756,1.0518091029895131
CZE,03,0.9835154457269725,1.0672595007901295,1.0518091029895131
CZE,05T06,0.7366869099571575,1.04146735765226,1.0518091029895131
CZE,07T08,0.93448970211865,1.049981643683109,1.0518091029895131
CZE,10T12,1.020368245217489,1.061843874792588,1.0518091029895131
CZE,13T15,0.9760364717871322,1.04578171993011,1.0518091029895131
CZE,16,0.9983080075448524,1.0600788526415603,1.0518091029895131
CZE,17T18,0.9952791604715672,1.049865165958414,1.0518091029895131
CZE,19,0.8663073050357769,1.088109601534132,1.0518091029895131
CZE,20,0.9476507254710224,1.0523454425754977,1.0518091029895131
CZE,21,0.985532409773852,1.034878146089006,1.0518091029895131
CZE,22,1.0463225121366828,1.0467398763347344,1.0518091029895131
CZE,23,0.9002606960806749,1.069021875562345,1.0518091029895131
CZE,24,0.9222261283757907,1.0730623990277985,1.0518091029895131
CZE,25,1.0251573551129152,1.0479083514453522,1.0518091029895131
CZE,26,1.019273138571086,1.0459061128667495,1.0518091029895131
CZE,27,1.0252009270148303,1.048530615305069,1.0518091029895131
CZE,28,1.011605936220075,1.0498672231460902,1.0518091029895131
CZE,29T30,1.0281406282999497,1.041017388163132,1.0518091029895131
CZE,31T33,1.0367396274656275,1.0378460315720406,1.0518091029895131
CZE,35,0.7394031221005126,1.087433939940587,1.0518091029895131
CZE,36T39,0.9962281795622567,1.0389737155801837,1.0518091029895131
CZE,41T43,1.0349686113232353,1.0380215589222352,1.0518091029895131
CZE,45T47,1.009157106762785,1.0277115761578055,1.0518091029895131
CZE,49,0.9685788691511464,1.0341508876240355,1.0518091029895131
CZE,50,0.8915652004494405,1.0447589975260505,1.0518091029895131
CZE,51,1.041501707462626,1.0492276924269492,1.0518091029895131
CZE,52,0.9924271929831496,1.0369413700145502,1.0518091029895131
CZE,53,1.0205068645346973,1.0256573094839934,1.0518091029895131
CZE,55T56,1.0341576329668634,1.0344444256660168,1.0518091029895131
CZE,58T60,1.0320387405558786,1.0245428366771625,1.0518091029895131
CZE,61,1.0300897113656386,1.0229115805842175,1.0518091029895131
CZE,62T63,1.0301950496476857,1.0173197723788006,1.0518091029895131
CZE,64T66,1.0210327384079172,1.0194241298786937,1.0518091029895131
CZE,68,1.0377957003590512,1.0321380812014234,1.0518091029895131
CZE,69T75,1.0167707455541317,1.026147946834594,1.0518091029895131
CZE,77T82,1.0146718259303744,1.032801854489081,1.0518091029895131
CZE,84,1.0451327149240732,1.0243751344772463,1.0518091029895131
CZE,85,1.0472822297475601,1.0222803905488878,1.0518091029895131
CZE,86T88,1.0489733125097782,1.0272135200602384,1.0518091029895131
CZE,90T93,1.0420338150800068,1.0295020740344747,1.0518091029895131
CZE,94T98,1.0395767548666375,1.0256655809472894,1.0518091029895131
DEU,01T02,0.9380315570164862,1.0491895524791377,1.0497383327342764
DEU,03,1.0158154593325632,1.0379676459146139,1.0497383327342764
DEU,05T06,0.8670458553262712,1.0508043944431282,1.0497383327342764
DEU,07T08,0.9905634940766622,1.0367509100879502,1.0497383327342764
DEU,10T12,1.03273256950653,1.062513438042223,1.0497383327342764
DEU,13T15,1.0063441109409508,1.0425010980311005,1.0497383327342764
DEU,16,1.0247884904612283,1.0612306116782961,1.0497383327342764
DEU,17T18,1.008358979670044,1.0466113107264592,1.0497383327342764
DEU,19,0.964819320122742,1.0612245493507109,1.0497383327342764
DEU,20,1.026944853335185,1.0490322699690964,1.0497383327342764
DEU,21,1.0167686401768612,1.0380050925676312,1.0497383327342764
DEU,22,1.0544080933047224,1.0470778695194305,1.0497383327342764
DEU,23,1.0153630708947807,1.052172899621266,1.0497383327342764
DEU,24,0.9764420569241674,1.0724672034935718,1.0497383327342764
DEU,25,1.0474977557579743,1.0472183987660797,1.0497383327342764
DEU,26,1.029547337722332,1.0379830344410974,1.0497383327342764
DEU,27,1.0461902821153393,1.0416064571091466,1.0497383327342764
DEU,28,1.0323022561409712,1.041293475215454,1.0497383327342764
DEU,29T30,1.033275046385237,1.040672245031469,1.0497383327342764
DEU,31T33,1.0478080527884963,1.0410769192186895,1.0497383327342764
DEU,35,0.894239201580045,1.064071289591757,1.0497383327342764
DEU,36T39,1.0297966051905856,1.0372163457515535,1.0497383327342764
DEU,41T43,1.0395685868646836,1.0425612164111024,1.0497383327342764
DEU,45T47,1.0183051546704087,1.0357477623471059,1.0497383327342764
DEU,49,1.0246021457706187,1.0394945521298489,1.0497383327342764
DEU,50,1.0672871332890437,1.0560729740129193,1.0497383327342764
DEU,51,0.9059841253013663,1.0460252681723388,1.0497383327342764
DEU,52,1.0117324687278668,1.038558508938863,1.0497383327342764
DEU,53,1.0197992257543982,1.03797493531183,1.0497383327342764
DEU,55T56,1.0322588821106338,1.0411900313464533,1.0497383327342764
DEU,58T60,1.0214577616546459,1.0335729006884782,1.0497383327342764
DEU,61,1.030610839998656,1.0345851000979251,1.0497383327342764
DEU,62T63,1.0147926749898903,1.0294360107467342,1.0497383327342764
DEU,64T66,1.027237539537146,1.031443957644058,1.0497383327342764
DEU,68,1.0401101184177721,1.0313678520659706,1.0497383327342764
DEU,69T75,1.0227070918398222,1.0321268571551292,1.0497383327342764
DEU,77T82,1.0255668349017046,1.0349385734983938,1.0497383327342764
DEU,84,1.0408977553825884,1.0335648286524886,1.0497383327342764
DEU,85,1.0464240290618163,1.0306757244895717,1.0497383327342764
DEU,86T88,1.0482470045026664,1.033875033389672,1.0497383327342764
DEU,90T93,1.0411451445141964,1.03322433630641,1.0497383327342764
DEU,94T98,1.044125177352817,1.0330167832760424,1.0497383327342764
DNK,01T02,0.9280269938621024,1.0555775486564223,1.0433196607337223
DNK,03,0.9480326171668987,1.0373815200430205,1.0433196607337223
DNK,05T06,0.9383361369137229,1.0357337265865256,1.0433196607337223
DNK,07T08,0.9741386490222123,1.0492904818863193,1.0433196607337223
DNK,10T12,1.0189600341809633,1.059446366390505,1.0433196607337223
DNK,13T15,1.023763160456497,1.0387061218128761,1.0433196607337223
DNK,16,1.0780956702667275,1.0501745669086224,1.0433196607337223
DNK,17T18,1.0539771576944696,1.0385222361007322,1.0433196607337223
DNK,19,0.9808104799611475,1.059480097102974,1.0433196607337223
DNK,20,1.1031259484725717,1.04050013382448,1.0433196607337223
DNK,21,1.0527954274590745,1.0316023459765367,1.0433196607337223
DNK,22,1.0701956342570795,1.0419598924770501,1.0433196607337223
DNK,23,0.9851466668287501,1.0486562626206333,1.0433196607337223
DNK,24,1.2760075867598009,1.057102684694764,1.0433196607337223
DNK,25,1.0482936139073267,1.044346476274617,1.0433196607337223
DNK,26,1.0310033306209234,1.0354851569042325,1.0433196607337223
DNK,27,1.0528574397614388,1.038143852149661,1.0433196607337223
DNK,28,1.0319772917044698,1.039953253910304,1.0433196607337223
DNK,29T30,1.0287067792654407,1.040799427623595,1.0433196607337223
DNK,31T33,1.05625580853196,1.0377876628187042,1.0433196607337223
DNK,35,0.9239501151691244,1.0427150332594228,1.0433196607337223
DNK,36T39,1.034187175357505,1.0334367460805236,1.0433196607337223
DNK,41T43,1.0353609433449424,1.0404582273967173,1.0433196607337223
DNK,45T47,1.0202253043252623,1.0319179569461499,1.0433196607337223
DNK,49,0.9936307825463984,1.0474301890033282,1.0433196607337223
DNK,50,0.9717480433519023,1.0410564351014622,1.0433196607337223
DNK,51,0.9912410292241979,1.0386767700393318,1.0433196607337223
DNK,52,0.9952295002934757,1.0344249691918512,1.0433196607337223
DNK,53,1.018726407132583,1.0344023710591672,1.0433196607337223
DNK,55T56,1.031110327302607,1.039129516598348,1.0433196607337223
DNK,58T60,1.0227709088152726,1.0303972933278982,1.0433196607337223
DNK,61,1.0245861068266613,1.03194935820348,1.0433196607337223
DNK,62T63,1.015839695035988,1.0299230870493534,1.0433196607337223
DNK,64T66,1.024373135196056,1.0285024872283806,1.0433196607337223
DNK,68,1.0374367091552024,1.029987140705557,1.0433196607337223
DNK,69T75,1.0219587047244691,1.0305735033087084,1.0433196607337223
DNK,77T82,1.0215388646505454,1.0369322311437765,1.0433196607337223
DNK,84,1.0407053168096714,1.0308608722779586,1.0433196607337223
DNK,85,1.0417813217151093,1.0301475451119377,1.0433196607337223
DNK,86T88,1.042737370265212,1.0312365124429155,1.0433196607337223
DNK,90T93,1.0391436719487472,1.0319048339956225,1.0433196607337223
DNK,94T98,1.0361948248001875,1.0307678010707229,1.0433196607337223
ESP,01T02,1.051775798052685,1.0426628509052125,1.0463437487935505
ESP,03,0.9921287192157541,1.0393023202053013,1.0463437487935505
ESP,05T06,0.5293688897343787,1.0335635642874585,1.0463437487935505
ESP,07T08,0.9556659973755373,1.0486502947743706,1.0463437487935505
ESP,10T12,1.0293686340635708,1.0644429513660185,1.0463437487935505
ESP,13T15,1.0215379143958982,1.0383249784266932,1.0463437487935505
ESP,16,1.0256637057552966,1.0483675471887972,1.0463437487935505
ESP,17T18,1.0125250337186396,1.0468574149878471,1.0463437487935505
ESP,19,0.9558859436947683,1.0754707450434453,1.0463437487935505
ESP,20,1.0050576580170438,1.055592634471375,1.0463437487935505
ESP,21,0.9963773021289873,1.0423624004556395,1.0463437487935505
ESP,22,1.0451812952302346,1.0487578882645257,1.0463437487935505
ESP,23,0.9373043484807346,1.0597523421263078,1.0463437487935505
ESP,24,1.1019193247517176,1.0607835009278457,1.0463437487935505
ESP,25,1.0237426558099596,1.0542335663002624,1.0463437487935505
ESP,26,1.027304046730643,1.0386375497141291,1.0463437487935505
ESP,27,1.024396963197093,1.0500784956918359,1.0463437487935505
ESP,28,1.0188824993242065,1.046028603648278,1.0463437487935505
ESP,29T30,1.0221150389572893,1.0452500478860645,1.0463437487935505
ESP,31T33,1.043819905111932,1.039043832100676,1.0463437487935505
ESP,35,0.9377041366994932,1.0566501501898662,1.0463437487935505
ESP,36T39,1.037579812666734,1.0396418838527606,1.0463437487935505
ESP,41T43,1.0379852107745329,1.0421691594949718,1.0463437487935505
ESP,45T47,1.022693039150343,1.0340863274011283,1.0463437487935505
ESP,49,0.9853916310782672,1.0422114974254302,1.0463437487935505
ESP,50,0.5496617194744458,1.039604088188966,1.0463437487935505
ESP,51,0.8978438972197038,1.045615370219012,1.0463437487935505
ESP,52,1.006221913375926,1.0400583918098667,1.0463437487935505
ESP,53,1.016068906133268,1.0361489375096082,1.0463437487935505
ESP,55T56,1.0359850111448528,1.0385297928432569,1.0463437487935505
ESP,58T60,1.0174327642009526,1.0332773077388875,1.0463437487935505
ESP,61,1.0235670405658601,1.0369760686496514,1.0463437487935505
ESP,62T63,1.0090390564418685,1.0329083786686917,1.0463437487935505
ESP,64T66,1.026915951142146,1.0296409732422467,1.0463437487935505
ESP,68,1.039635106612441,1.028466640415714,1.0463437487935505
ESP,69T75,1.0217454610522125,1.0328290412131542,1.0463437487935505
ESP,77T82,1.0166450286745303,1.034387879202724,1.0463437487935505
ESP,84,1.0392190527049567,1.0321776058253784,1.0463437487935505
ESP,85,1.0414984901721118,1.0297267557938135,1.0463437487935505
ESP,86T88,1.0437238645773506,1.0326551197120488,1.0463437487935505
ESP,90T93,1.0375603339577713,1.0325601753371125,1.0463437487935505
ESP,94T98,1.0394895197733751,1.0303490192470854,1.0463437487935505
EST,01T02,0.7158129816497402,1.064228789028561,1.0298990071847467
EST,03,1.0185371641808325,1.0149714888350618,1.0298990071847467
EST,05T06,0.4525142336987156,1.030210075377245,1.0298990071847467
EST,07T08,0.6366278337435085,1.0352842996187455,1.0298990071847467
EST,10T12,0.9887089047569844,1.072386711872499,1.0298990071847467
EST,13T15,1.0604724616957546,1.0268345511910517,1.0298990071847467
EST,16,0.8386501483480031,1.090447007356258,1.0298990071847467
EST,17T18,0.9486312382946779,1.067020104306503,1.0298990071847467
EST,19,0.2505748117302747,1.0997918997022882,1.0298990071847467
EST,20,1.0364300911477209,1.056092271097048,1.0298990071847467
EST,21,1.0749318436924777,1.0184134674111363,1.0298990071847467
EST,22,1.052171549671882,1.0402724325381296,1.0298990071847467
EST,23,0.9503372559013787,1.0534295180534663,1.0298990071847467
EST,24,1.1907297282167164,1.07993672615568,1.0298990071847467
EST,25,1.0291844945357331,1.0428082916236516,1.0298990071847467
EST,26,1.0257126761010003,1.0282998596450017,1.0298990071847467
EST,27,1.0649981731218887,1.029992631328871,1.0298990071847467
EST,28,1.0302945581603453,1.0328679519233925,1.0298990071847467
EST,29T30,1.0531650940964166,1.0256869570460951,1.0298990071847467
EST,31T33,1.0268351001535594,1.0342084533706821,1.0298990071847467
EST,35,0.5984888996922663,1.0842050437610364,1.0298990071847467
EST,36T39,1.030160603354289,1.0399316894256099,1.0298990071847467
EST,41T43,1.0173295362975265,1.032072751605701,1.0298990071847467
EST,45T47,1.0089338217690513,1.0085187074825759,1.0298990071847467
EST,49,0.9810675205859574,1.0108449958283074,1.0298990071847467
EST,50,0.95340873735053,1.0184502914207996,1.0298990071847467
EST,51,1.177271120533623,1.0359580397407107,1.0298990071847467
EST,52,0.9866719166286632,1.0258177856065291,1.0298990071847467
EST,53,1.0419145053766614,1.0102440362328207,1.0298990071847467
EST,55T56,1.0311930212209162,1.0271835571607815,1.0298990071847467
EST,58T60,1.0454777705614362,1.0085670327966627,1.0298990071847467
EST,61,1.0421262217742402,1.0021530893770785,1.0298990071847467
EST,62T63,1.0479416808670716,0.9966169435748781,1.0298990071847467
EST,64T66,1.0267092545826217,0.9946194904767243,1.0298990071847467
EST,68,1.0206558159518062,1.0035755086660305,1.0298990071847467
EST,69T75,1.0246939739758871,1.0034224521536728,1.0298990071847467
EST,77T82,1.0132018792575177,1.004697618740948,1.0298990071847467
EST,84,1.027385532496269,1.0016296737391284,1.0298990071847467
EST,85,1.0285233375508647,1.005333599480734,1.0298990071847467
EST,86T88,1.0291754691127588,1.004451945477044,1.0298990071847467
EST,90T93,1.0263859845706034,1.01509665451738,1.0298990071847467
EST,94T98,1.0200682014617328,1.0198764924220698,1.0298990071847467
FIN,01T02,0.9174144166919578,1.0445659424506426,1.039388875618807
FIN,03,0.9619757786720861,1.032349719586765,1.039388875618807
FIN,05T06,0.37049195055337003,1.04882507682855,1.039388875618807
FIN,07T08,1.0056874257307706,1.0476985118052837,1.039388875618807
FIN,10T12,1.0280658419764757,1.0602260971449786,1.039388875618807
FIN,13T15,1.0347827468135324,1.0336651514262312,1.039388875618807
FIN,16,0.9811195123782396,1.0808899161310075,1.039388875618807
FIN,17T18,0.9464932592027165,1.0618273185775344,1.039388875618807
FIN,19,0.9851473186369639,1.0447292046006098,1.039388875618807
FIN,20,0.9899962914828067,1.0521278224984514,1.039388875618807
FIN,21,1.0418993440316664,1.0240227994126272,1.039388875618807
FIN,22,1.0446533401110822,1.0460479441468555,1.039388875618807
FIN,23,1.030288261113464,1.0468888464641153,1.039388875618807
FIN,24,1.1043225992654444,1.0620460371696554,1.039388875618807
FIN,25,1.0466367816274407,1.0456016709502929,1.039388875618807
FIN,26,1.0318716189730166,1.02685950141704,1.039388875618807
FIN,27,1.046810285631061,1.0374371750190374,1.039388875618807
FIN,28,1.0326787068173897,1.03346827403751,1.039388875618807
FIN,29T30,1.0333264280979682,1.037906990748902,1.039388875618807
FIN,31T33,1.033157341752112,1.031607425335882,1.039388875618807
FIN,35,0.9056179738511319,1.060092687002201,1.039388875618807
FIN,36T39,1.0396265366711555,1.0318031241041798,1.039388875618807
FIN,41T43,1.0306604181132177,1.0383927834046138,1.039388875618807
FIN,45T47,1.0141351638521139,1.027450539153337,1.039388875618807
FIN,49,1.0065112718385256,1.0307357153686294,1.039388875618807
FIN,50,0.9466941622469706,1.0340639349502025,1.039388875618807
FIN,51,0.9388038536284073,1.035238280742689,1.039388875618807
FIN,52,1.0041446870440491,1.034579106681112,1.039388875618807
FIN,53,1.0168927933144576,1.0293512128868068,1.039388875618807
FIN,55T56,1.024776712201877,1.0351992957201197,1.039388875618807
FIN,58T60,1.0133598899546359,1.027362628267251,1.039388875618807
FIN,61,1.0253961242448697,1.0245854086547443,1.039388875618807
FIN,62T63,1.0056511132932078,1.0235368792901083,1.039388875618807
FIN,64T66,1.0207991481846328,1.02432033777981,1.039388875618807
FIN,68,1.0331144971570145,1.0247924082081687,1.039388875618807
FIN,69T75,1.0156693244511859,1.0251514741722485,1.039388875618807
FIN,77T82,1.0176747448295635,1.0273600176332658,1.039388875618807
FIN,84,1.0329000910887722,1.0277946623387606,1.039388875618807
FIN,85,1.0373403048718068,1.024298205981037,1.039388875618807
FIN,86T88,1.0382545913612584,1.0254640810894506,1.039388875618807
FIN,90T93,1.0328612555603651,1.0325343191518634,1.039388875618807
FIN,94T98,1.0326408949936707,1.0329866243756551,1.039388875618807
FRA,01T02,0.9726602050507899,1.0513817592972698,1.0384888864603286
FRA,03,0.9813482497240641,1.0402988527725192,1.0384888864603286
FRA,05T06,0.3289853640454288,1.0295398772025561,1.0384888864603286
FRA,07T08,0.9778919399782787,1.0434182493374886,1.0384888864603286
FRA,10T12,1.0299453463034027,1.0560820857961029,1.0384888864603286
FRA,13T15,1.0244687684636014,1.0363133341770465,1.0384888864603286
FRA,16,1.0280194101691147,1.0540988652473344,1.0384888864603286
FRA,17T18,1.0285132875323493,1.038276055433692,1.0384888864603286
FRA,19,1.0135776166169,1.0570417898437163,1.0384888864603286
FRA,20,1.0365897200830225,1.043267270914083,1.0384888864603286
FRA,21,1.018699800972331,1.0353308046341962,1.0384888864603286
FRA,22,1.0621524885096985,1.0421808004166033,1.0384888864603286
FRA,23,1.0070440742986966,1.0470772683758527,1.0384888864603286
FRA,24,0.9167992236973537,1.0543229241616483,1.0384888864603286
FRA,25,1.0415672919621461,1.0452638823824956,1.0384888864603286
FRA,26,1.0268755808887189,1.0359230513004964,1.0384888864603286
FRA,27,1.0418538984668504,1.0421170183677233,1.0384888864603286
FRA,28,1.0275475434551717,1.0408204932166794,1.0384888864603286
FRA,29T30,1.0316658177303155,1.0391227265512595,1.0384888864603286
FRA,31T33,1.048174453314516,1.0384018279941867,1.0384888864603286
FRA,35,1.0118417869981968,1.0487310994749728,1.0384888864603286
FRA,36T39,1.022878037047855,1.0356359298437692,1.0384888864603286
FRA,41T43,1.0356143546534708,1.03994216903763,1.0384888864603286
FRA,45T47,1.0204227668902353,1.0316713580202126,1.0384888864603286
FRA,49,1.0244505143645586,1.0337282509795265,1.0384888864603286
FRA,50,1.016282015374588,1.044834340984414,1.0384888864603286
FRA,51,0.9545421456553893,1.040911018345058,1.0384888864603286
FRA,52,1.0203407494792478,1.0315486667062121,1.0384888864603286
FRA,53,1.0260092771516465,1.029653830177057,1.0384888864603286
FRA,55T56,1.0308024974538128,1.0369737496745874,1.0384888864603286
FRA,58T60,1.0190441205709455,1.0336028934599282,1.0384888864603286
FRA,61,1.0226711894882348,1.0313691439299775,1.0384888864603286
FRA,62T63,1.0240108271153407,1.0292339078996906,1.0384888864603286
FRA,64T66,1.0223952182291662,1.0295578458918586,1.0384888864603286
FRA,68,1.0340735177988822,1.0282744667413615,1.0384888864603286
FRA,69T75,1.0235830857533799,1.0304985798939166,1.0384888864603286
FRA,77T82,1.0213729416347086,1.030279358294367,1.0384888864603286
FRA,84,1.03576056399538,1.0300627374490967,1.0384888864603286
FRA,85,1.034895911056132,1.0296020160478754,1.0384888864603286
FRA,86T88,1.037157946565931,1.0298531122932808,1.0384888864603286
FRA,90T93,1.0331956431104532,1.0325741260706636,1.0384888864603286
FRA,94T98,1.033281752609859,1.0308507249754562,1.0384888864603286
GBR,01T02,0.9345238979824787,1.0528125529582004,1.0333328039026137
GBR,03,0.9915170835909164,1.038534409198272,1.0333328039026137
GBR,05T06,0.9146649745753016,1.0333858191400185,1.0333328039026137
GBR,07T08,1.0212430907201708,1.0438903875293524,1.0333328039026137
GBR,10T12,1.0337720948755071,1.0538338657224398,1.0333328039026137
GBR,13T15,1.034721891755343,1.0292514776857364,1.0333328039026137
GBR,16,1.0528159715054026,1.0494500156333515,1.0333328039026137
GBR,17T18,1.0328611126307985,1.0369417713826754,1.0333328039026137
GBR,19,0.9460293928219287,1.0597353591848444,1.0333328039026137
GBR,20,1.020298306855683,1.0428408361245909,1.0333328039026137
GBR,21,1.0378288541464966,1.0306137073446862,1.0333328039026137
GBR,22,1.035694825062761,1.0417427349283828,1.0333328039026137
GBR,23,1.0192500639844295,1.0407568093824269,1.0333328039026137
GBR,24,0.9896569491934892,1.0535796497005105,1.0333328039026137
GBR,25,1.0475262898483593,1.0381309320189183,1.0333328039026137
GBR,26,1.027424235147945,1.0297992414479449,1.0333328039026137
GBR,27,1.0472368064249813,1.036996096046253,1.0333328039026137
GBR,28,1.0263383420864165,1.0358947886324017,1.0333328039026137
GBR,29T30,1.030725082887012,1.037927563067198,1.0333328039026137
GBR,31T33,1.033758527274564,1.0330541553870796,1.0333328039026137
GBR,35,0.9634456672345105,1.0701019929863391,1.0333328039026137
GBR,36T39,1.0257916250320627,1.0280975604594957,1.0333328039026137
GBR,41T43,1.0289253776734666,1.0322834285233657,1.0333328039026137
GBR,45T47,1.020798372885052,1.0278375795603631,1.0333328039026137
GBR,49,1.0114198693605647,1.0304345396792358,1.0333328039026137
GBR,50,1.0490230650091286,1.0330767229247468,1.0333328039026137
GBR,51,0.8736372813914134,1.0473551173911408,1.0333328039026137
GBR,52,1.0165317320419427,1.032252684004486,1.0333328039026137
GBR,53,1.0185640803688225,1.0267581224953268,1.0333328039026137
GBR,55T56,1.0295654600348447,1.030959911015255,1.0333328039026137
GBR,58T60,1.0246497125650567,1.0263006907009706,1.0333328039026137
GBR,61,1.0213753530074419,1.0246861639053744,1.0333328039026137
GBR,62T63,1.0183593949530387,1.0246309142548087,1.0333328039026137
GBR,64T66,1.0120591937547765,1.02580802734161,1.0333328039026137
GBR,68,1.0307065514411702,1.0235215463867593,1.0333328039026137
GBR,69T75,1.0165990078986813,1.0258345322624425,1.0333328039026137
GBR,77T82,1.0169919964365592,1.028431604692733,1.0333328039026137
GBR,84,1.0307978354465588,1.0265317357514543,1.0333328039026137
GBR,85,1.0293510728885762,1.0250491658895278,1.0333328039026137
GBR,86T88,1.032044997725235,1.0266381253862826,1.0333328039026137
GBR,90T93,1.027877322882749,1.027054812683615,1.0333328039026137
GBR,94T98,1.0310708043303825,1.0247134581078092,1.0333328039026137
GRC,01T02,1.04939419056983,1.0405949772442846,1.0458516374058413
GRC,03,1.0414245952290764,1.0208287325085659,1.0458516374058413
GRC,05T06,0.3231888299344466,1.0336757171573048,1.0458516374058413
GRC,07T08,0.9523781213176734,1.0402440090897356,1.0458516374058413
GRC,10T12,1.0387778912271914,1.054521941271197,1.0458516374058413
GRC,13T15,0.999286260104781,1.0404694070637241,1.0458516374058413
GRC,16,1.0425940917763266,1.043794252194863,1.0458516374058413
GRC,17T18,1.0366843107514323,1.0352727562983048,1.0458516374058413
GRC,19,0.9019492243915532,1.0677850151430677,1.0458516374058413
GRC,20,1.030995667175942,1.0401960744955538,1.0458516374058413
GRC,21,1.049829779210991,1.0322898960879905,1.0458516374058413
GRC,22,1.0273407663568905,1.0461459902251649,1.0458516374058413
GRC,23,0.6927073865838437,1.082812734305207,1.0458516374058413
GRC,24,0.9398207571658722,1.1001374576091925,1.0458516374058413
GRC,25,1.0104209061042049,1.0536236976316593,1.0458516374058413
GRC,26,1.0329241754935665,1.0344617298149472,1.0458516374058413
GRC,27,0.9827840518637297,1.070412881398973,1.0458516374058413
GRC,28,1.0193559891842403,1.0442034439089931,1.0458516374058413
GRC,29T30,1.0302699250998897,1.0358753457540137,1.0458516374058413
GRC,31T33,1.037240940995713,1.0375851505054308,1.0458516374058413
GRC,35,0.8181841438241292,1.0803666471428284,1.0458516374058413
GRC,36T39,1.0350542133062002,1.0717107415653888,1.0458516374058413
GRC,41T43,1.0368151858316386,1.0621359384382176,1.0458516374058413
GRC,45T47,1.0178092593923604,1.0229678555838744,1.0458516374058413
GRC,49,1.01801834874376,1.0314912073126332,1.0458516374058413
GRC,50,0.7705550916882384,1.089482937065198,1.0458516374058413
GRC,51,1.027563827407539,1.0384678267972087,1.0458516374058413
GRC,52,0.9813565900317435,1.0356405014748826,1.0458516374058413
GRC,53,1.0138327561954534,1.0271305747001755,1.0458516374058413
GRC,55T56,1.034038789816294,1.0336269216587515,1.0458516374058413
GRC,58T60,1.0257896023769364,1.0275346189077381,1.0458516374058413
GRC,61,1.0359580690614894,1.0224597559490907,1.0458516374058413
GRC,62T63,1.0276984208741355,1.0203164896786876,1.0458516374058413
GRC,64T66,1.0270772589851824,1.014896723189468,1.0458516374058413
GRC,68,1.0332572942849956,1.0150790082406327,1.0458516374058413
GRC,69T75,1.0150406649029091,1.019741735127634,1.0458516374058413
GRC,77T82,1.0291111288416734,1.0250383293151044,1.0458516374058413
GRC,84,1.0423152271494176,1.0179743494996198,1.0458516374058413
GRC,85,1.043569984306235,1.0164114307729664,1.0458516374058413
GRC,86T88,1.043926103522503,1.023349135311167,1.0458516374058413
GRC,90T93,1.038127816260809,1.024884218807487,1.0458516374058413
GRC,94T98,1.0378190210269531,1.0282482323219484,1.0458516374058413
HRV,01T02,0.9222793985411035,1.048219266498023,1.0435453367400733
HRV,03,1.0026641497756998,1.0485091897206655,1.0435453367400733
HRV,05T06,0.6201112760774607,1.0762250197669214,1.0435453367400733
HRV,07T08,0.9874731743259247,1.0475241227812764,1.0435453367400733
HRV,10T12,1.017670239522696,1.0550445158243429,1.0435453367400733
HRV,13T15,1.0205679574679811,1.0385936924979058,1.0435453367400733
HRV,16,1.02739231488637,1.0484381270514356,1.0435453367400733
HRV,17T18,1.0038186093563097,1.0419372588219713,1.0435453367400733
HRV,19,0.961269092698928,1.0629127196112123,1.0435453367400733
HRV,20,0.5711885997547306,1.0585470814960445,1.0435453367400733
HRV,21,0.9995414586804928,1.036000953503585,1.0435453367400733
HRV,22,1.033143907270804,1.046529809114832,1.0435453367400733
HRV,23,0.7992020402407229,1.0456571053179624,1.0435453367400733
HRV,24,1.1189363762423252,1.0513162829699123,1.0435453367400733
HRV,25,1.0444421480826418,1.0370973376358366,1.0435453367400733
HRV,26,1.038953402581402,1.0258845126350606,1.0435453367400733
HRV,27,1.0449316781015336,1.0383877823137793,1.0435453367400733
HRV,28,1.039997647326413,1.035054376590493,1.0435453367400733
HRV,29T30,1.0282809236552544,1.0375724120027203,1.0435453367400733
HRV,31T33,1.0336734718221994,1.0453014738087683,1.0435453367400733
HRV,35,1.005078215636973,1.0364410119652199,1.0435453367400733
HRV,36T39,1.0256512759929617,1.0340972338091112,1.0435453367400733
HRV,41T43,1.0221155797931534,1.0487938865215434,1.0435453367400733
HRV,45T47,1.0167826982847035,1.0325645191391295,1.0435453367400733
HRV,49,1.0047963926416543,1.0309761992211883,1.0435453367400733
HRV,50,0.729217060731684,1.0540862394108785,1.0435453367400733
HRV,51,1.1449499615973986,1.0325943288023176,1.0435453367400733
HRV,52,1.0151696266673182,1.038557297284962,1.0435453367400733
HRV,53,1.0226688148065493,1.0278280462543068,1.0435453367400733
HRV,55T56,1.037274893121917,1.0320051363905047,1.0435453367400733
HRV,58T60,1.017948379256995,1.026390893698182,1.0435453367400733
HRV,61,1.0334566000695151,1.0250690012190355,1.0435453367400733
HRV,62T63,1.0183409298156887,1.0241160734752668,1.0435453367400733
HRV,64T66,1.020867305328949,1.0212065347975179,1.0435453367400733
HRV,68,1.0368219181797262,1.0309948623234821,1.0435453367400733
HRV,69T75,1.0162556905936135,1.0282157261766591,1.0435453367400733
HRV,77T82,1.0242264413200615,1.030469074862947,1.0435453367400733
HRV,84,1.0381260074852237,1.027613580247829,1.0435453367400733
HRV,85,1.0385825131054653,1.022400536028162,1.0435453367400733
HRV,86T88,1.039735260013253,1.0289427823953599,1.0435453367400733
HRV,90T93,1.033929026424992,1.029781846530257,1.0435453367400733
HRV,94T98,1.0317984807060139,1.0291539811277783,1.0435453367400733
HUN,01T02,0.8687593342868826,1.0547994525952071,1.0429970302556715
HUN,03,1.001332130987468,1.0438058807399788,1.0429970302556715
HUN,05T06,0.524340997786302,1.0589774197749826,1.0429970302556715
HUN,07T08,0.9585108760340395,1.0716459209241056,1.0429970302556715
HUN,10T12,0.9890358139252595,1.0742693218140382,1.0429970302556715
HUN,13T15,1.0327946657597202,1.0336596811391487,1.0429970302556715
HUN,16,1.0003792116749255,1.0536861543820464,1.0429970302556715
HUN,17T18,0.9988365219852637,1.0392703473638456,1.0429970302556715
HUN,19,0.9851062144539902,1.0546510871447545,1.0429970302556715
HUN,20,0.8761603001321945,1.0532388500324399,1.0429970302556715
HUN,21,0.9996021522712059,1.0313233348031061,1.0429970302556715
HUN,22,1.0412326418423243,1.0477145897032651,1.0429970302556715
HUN,23,0.9641114002296043,1.056629775206591,1.0429970302556715
HUN,24,1.0741539092528345,1.0614524322898204,1.0429970302556715
HUN,25,1.033538931179025,1.047182843772994,1.0429970302556715
HUN,26,1.0314214614017139,1.0334786285804325,1.0429970302556715
HUN,27,1.032775556405138,1.0452976833792673,1.0429970302556715
HUN,28,1.028955439406946,1.0392802364377831,1.0429970302556715
HUN,29T30,1.037567651449193,1.0375424386575984,1.0429970302556715
HUN,31T33,1.0546548330372274,1.031897041971275,1.0429970302556715
HUN,35,0.7519678282380644,1.0414912543373207,1.0429970302556715
HUN,36T39,1.0236087355222572,1.0317357600745864,1.0429970302556715
HUN,41T43,1.0329487783942586,1.0414978032303006,1.0429970302556715
HUN,45T47,1.005643734769758,1.0289418480547428,1.0429970302556715
HUN,49,0.9791713542671523,1.0299407756764523,1.0429970302556715
HUN,50,0.792025640608898,1.038093961003845,1.0429970302556715
HUN,51,0.895206609266719,1.0376499675924378,1.0429970302556715
HUN,52,1.0065511292716647,1.025477500375641,1.0429970302556715
HUN,53,1.027745658117453,1.021961775423818,1.0429970302556715
HUN,55T56,1.0296906063991422,1.0379216739181516,1.0429970302556715
HUN,58T60,1.0311481445589725,1.022591151158462,1.0429970302556715
HUN,61,1.0345198962057476,1.0188056111155854,1.0429970302556715
HUN,62T63,1.024954011899561,1.0166110088075584,1.0429970302556715
HUN,64T66,1.022412687095617,1.0164506805690776,1.0429970302556715
HUN,68,1.0320209635499458,1.0192742166786637,1.0429970302556715
HUN,69T75,1.0220986803922996,1.0207595652329136,1.0429970302556715
HUN,77T82,1.0139309560529142,1.0242041852216504,1.0429970302556715
HUN,84,1.0383361292896707,1.0191149229578422,1.0429970302556715
HUN,85,1.0398493402060418,1.0179566979230708,1.0429970302556715
HUN,86T88,1.0397225760731459,1.0229778791162414,1.0429970302556715
HUN,90T93,1.0358748187455507,1.02574452228183,1.0429970302556715
HUN,94T98,1.031644670540749,1.0217475725676266,1.0429970302556715
IDN,01T02,0.5346745760817906,0.9798257308874048,1.0170325560744689
IDN,03,1.0086828954743192,0.9381270060367873,1.0170325560744689
IDN,05T06,0.7465301923631318,0.9887656935135665,1.0170325560744689
IDN,07T08,1.0142414120255747,0.9589601700075987,1.0170325560744689
IDN,10T12,0.9417615431428746,1.1456600946245117,1.0170325560744689
IDN,13T15,1.1646895513964597,0.9798430166077553,1.0170325560744689
IDN,16,0.8955049922352835,1.1105915880803232,1.0170325560744689
IDN,17T18,0.9925517121874383,1.0113267269116015,1.0170325560744689
IDN,19,0.9031105551957258,1.0409114907867862,1.0170325560744689
IDN,20,0.845524251994905,1.0338379548835086,1.0170325560744689
IDN,21,0.956878759578443,1.0384402123375756,1.0170325560744689
IDN,22,0.8105891042274177,1.124157093297194,1.0170325560744689
IDN,23,0.6706616956598209,1.0397083277441126,1.0170325560744689
IDN,24,1.1860114223424467,0.9889182509820932,1.0170325560744689
IDN,25,1.0124705090284918,1.0193206933578165,1.0170325560744689
IDN,26,1.0422948413703865,1.0091466638012085,1.0170325560744689
IDN,27,1.0784050742033644,1.0085561071823708,1.0170325560744689
IDN,28,1.0270001200223493,1.024686648158213,1.0170325560744689
IDN,29T30,1.08152913587766,0.9759216574598281,1.0170325560744689
IDN,31T33,0.8953738629870184,1.011943060592886,1.0170325560744689
IDN,35,0.5974182677570719,1.223160232476666,1.0170325560744689
IDN,36T39,1.0022143271324069,0.9915600475777224,1.0170325560744689
IDN,41T43,1.0018644908620216,1.011815763395791,1.0170325560744689
IDN,45T47,1.0021900408539979,0.9583839770384911,1.0170325560744689
IDN,49,0.9459090439716263,0.9637306358485854,1.0170325560744689
IDN,50,0.766359574823889,0.99955443476805,1.0170325560744689
IDN,51,1.0041169069916756,0.9764811142503315,1.0170325560744689
IDN,52,1.0003316348166327,0.9760715658847531,1.0170325560744689
IDN,53,1.0217419137643646,0.9783758595109315,1.0170325560744689
IDN,55T56,1.0123928737376497,1.0354241919255436,1.0170325560744689
IDN,58T60,1.021493316059961,0.9820064989619903,1.0170325560744689
IDN,61,1.0032120026214524,0.9495976177350218,1.0170325560744689
IDN,62T63,1.018138266137155,0.984392717831643,1.0170325560744689
IDN,64T66,0.9738918645112775,0.9356127678798496,1.0170325560744689
IDN,68,1.0161416040682518,0.9423288245312099,1.0170325560744689
IDN,69T75,1.1943444690945357,0.9492751622250122,1.0170325560744689
IDN,77T82,0.9906124694174597,0.9476681297846896,1.0170325560744689
IDN,84,1.0094590833606862,0.9709069773042622,1.0170325560744689
IDN,85,1.0162807301823429,0.9524047800697029,1.0170325560744689
IDN,86T88,1.0126147002918868,0.9909655210586541,1.0170325560744689
IDN,90T93,1.03656043713463,0.9675662579753239,1.0170325560744689
IDN,94T98,1.011591082942772,0.9522075117300374,1.0170325560744689
IND,01T02,0.8990520867203347,0.9956153790001926,1.0392900364830757
IND,03,1.0369952124491413,0.9764312191845198,1.0392900364830757
IND,05T06,0.7324993000911305,1.0043170214146984,1.0392900364830757
IND,07T08,0.6773713640811655,1.0252020975546936,1.0392900364830757
IND,10T12,1.0241909515656813,1.0693870759753192,1.0392900364830757
IND,13T15,1.0073358023346237,1.037370821201842,1.0392900364830757
IND,16,0.9919784578099425,1.0268144275030748,1.0392900364830757
IND,17T18,0.9690062170479066,1.036392423020144,1.0392900364830757
IND,19,0.8902880507340973,1.0466704265033242,1.0392900364830757
IND,20,0.9325069900987031,1.0405245414153521,1.0392900364830757
IND,21,1.0182995551719323,1.007037858814244,1.0392900364830757
IND,22,0.8277391884166703,1.0489553955440651,1.0392900364830757
IND,23,0.7833133157501403,1.0503838156022818,1.0392900364830757
IND,24,0.562010072407368,1.086330924452486,1.0392900364830757
IND,25,0.9303584507055883,1.0804866291453459,1.0392900364830757
IND,26,0.9850715999286194,1.0740489740765344,1.0392900364830757
IND,27,0.9628494071337773,1.1109203150381028,1.0392900364830757
IND,28,0.9777507250756949,1.078937429661973,1.0392900364830757
IND,29T30,0.9942199012847298,1.099765601691849,1.0392900364830757
IND,31T33,0.7203995135012902,1.0596240737261795,1.0392900364830757
IND,35,0.5899210974630904,1.0256061614574896,1.0392900364830757
IND,36T39,0.9559397826720579,1.0181938178345622,1.0392900364830757
IND,41T43,1.0268131695953469,1.0622378495519342,1.0392900364830757
IND,45T47,0.9923451455358968,0.9875787035900925,1.0392900364830757
IND,49,0.9477115183220617,1.0137661198575825,1.0392900364830757
IND,50,0.823114315965782,1.0295519791546495,1.0392900364830757
IND,51,0.8667287191242137,1.0573383870127562,1.0392900364830757
IND,52,0.9363977917090455,1.0312905624635806,1.0392900364830757
IND,53,0.9589756142524812,0.9963013642950931,1.0392900364830757
IND,55T56,1.0011711058947654,1.0560413814661735,1.0392900364830757
IND,58T60,1.0150664936582405,1.0198249807016289,1.0392900364830757
IND,61,0.9785852761975994,1.0610902585219624,1.0392900364830757
IND,62T63,1.0784040258425638,0.9830228661693412,1.0392900364830757
IND,64T66,1.0018038236931448,1.0062725227997409,1.0392900364830757
IND,68,1.033005350817974,0.9777503079323305,1.0392900364830757
IND,69T75,1.014047860135375,1.0058472940729044,1.0392900364830757
IND,77T82,0.9735117314415382,0.998298867885753,1.0392900364830757
IND,84,1.0379239379631224,0.9938482259115857,1.0392900364830757
IND,85,1.0364388212443532,0.9787108393706442,1.0392900364830757
IND,86T88,1.0383055168269075,0.9886521686913385,1.0392900364830757
IND,90T93,1.0369401839118702,0.9994494577576589,1.0392900364830757
IND,94T98,1.0312773867646474,1.0135251272779633,1.0392900364830757
IRL,01T02,0.6628437195709052,1.058479963963612,1.058270870453873
IRL,03,0.9768307456645118,1.0568859207183263,1.058270870453873
IRL,05T06,0.3995461423545228,1.0625496511585713,1.058270870453873
IRL,07T08,0.9685480733030182,1.0620930266757889,1.058270870453873
IRL,10T12,1.0117672910088875,1.0597441084454913,1.058270870453873
IRL,13T15,0.9897406576384472,1.032762663772496,1.058270870453873
IRL,16,0.9801821781461904,1.068579662730616,1.058270870453873
IRL,17T18,1.0500589615450309,1.0322892720904648,1.058270870453873
IRL,19,1.080169517568768,1.0377832163853737,1.058270870453873
IRL,20,1.1165831497386844,1.0357483484407868,1.058270870453873
IRL,21,1.0596377569438589,1.0301124269960413,1.058270870453873
IRL,22,1.0929837631594619,1.0371828589221044,1.058270870453873
IRL,23,0.919423751212175,1.0493391834552468,1.058270870453873
IRL,24,0.9907318084843165,1.0478668442239276,1.058270870453873
IRL,25,1.0697194111202966,1.0366951049190554,1.058270870453873
IRL,26,1.011880610499772,1.0340752659777892,1.058270870453873
IRL,27,1.0506945409683917,1.0393341947318813,1.058270870453873
IRL,28,1.0203276453957826,1.034666951005978,1.058270870453873
IRL,29T30,1.0337948773826051,1.039641522169944,1.058270870453873
IRL,31T33,1.083815001470783,1.0315356610229385,1.058270870453873
IRL,35,0.9286274084416761,1.0364087904862191,1.058270870453873
IRL,36T39,1.0408715702723967,1.0338524879251347,1.058270870453873
IRL,41T43,1.0411707794116352,1.0422573866556204,1.058270870453873
IRL,45T47,1.0033785067032939,1.0317973121747606,1.058270870453873
IRL,49,1.0357814947095962,1.0325798334706544,1.058270870453873
IRL,50,0.9730620512761667,1.0540458052545585,1.058270870453873
IRL,51,0.5240083138144481,1.0388982826485107,1.058270870453873
IRL,52,1.0055191084479262,1.0340079451711086,1.058270870453873
IRL,53,1.0191641600677561,1.0302880982735305,1.058270870453873
IRL,55T56,1.0461931108570217,1.032908910046757,1.058270870453873
IRL,58T60,1.021070217553764,1.0289935805085508,1.058270870453873
IRL,61,1.019809359359636,1.0304048573029603,1.058270870453873
IRL,62T63,1.0054417598071923,1.0304586740885013,1.058270870453873
IRL,64T66,0.9985972112165097,1.0285137861496,1.058270870453873
IRL,68,1.0290855280386255,1.0281532400057916,1.058270870453873
IRL,69T75,1.007838636577223,1.0297235335062493,1.058270870453873
IRL,77T82,1.0010287157576625,1.0304228967069946,1.058270870453873
IRL,84,1.052955479958278,1.0312963416305765,1.058270870453873
IRL,85,1.0524488723528922,1.028851410115885,1.058270870453873
IRL,86T88,1.0552120438717767,1.0295846388765417,1.058270870453873
IRL,90T93,1.0347122577248777,1.0320990019001064,1.058270870453873
IRL,94T98,1.0395188303697056,1.030624260710193,1.058270870453873
ISL,01T02,1.0669563174007868,1.0304031022528208,1.0277397307896357
ISL,03,0.9954991853385005,1.0301489371065073,1.0277397307896357
ISL,05T06,1.029428575469907,1.0296098384055086,1.0277397307896357
ISL,07T08,1.0352179757444557,1.0289939990232853,1.0277397307896357
ISL,10T12,1.093622221308669,1.0291206663036714,1.0277397307896357
ISL,13T15,1.0423188540461112,1.029906742317299,1.0277397307896357
ISL,16,1.135877384470466,1.0323350393788504,1.0277397307896357
ISL,17T18,1.0494841026285218,1.0304213133234212,1.0277397307896357
ISL,19,1.0704704955105682,1.0289922599575176,1.0277397307896357
ISL,20,1.0757954271504733,1.0312468280788345,1.0277397307896357
ISL,21,1.0269009732876553,1.0334672104045008,1.0277397307896357
ISL,22,1.0865079435615792,1.031568570613568,1.0277397307896357
ISL,23,1.0486505912946096,1.0306052475740737,1.0277397307896357
ISL,24,1.020443007851008,1.0356029545600203,1.0277397307896357
ISL,25,1.061993150874087,1.0315016743745535,1.0277397307896357
ISL,26,1.032471913569642,1.0310824899415125,1.0277397307896357
ISL,27,1.0551841702001934,1.0332365276235083,1.0277397307896357
ISL,28,1.0418357553898125,1.031054428922285,1.0277397307896357
ISL,29T30,1.0423294194534738,1.0316541985784813,1.0277397307896357
ISL,31T33,1.0497400476216292,1.030990383745898,1.0277397307896357
ISL,35,1.0293060096704296,1.0295722583285638,1.0277397307896357
ISL,36T39,1.032081142132979,1.029957419795029,1.0277397307896357
ISL,41T43,1.0277039314320056,1.0314041389915654,1.0277397307896357
ISL,45T47,1.0243356134264552,1.0291945643053266,1.0277397307896357
ISL,49,1.0315900062828438,1.0308966516437297,1.0277397307896357
ISL,50,1.020843223348927,1.032680350140165,1.0277397307896357
ISL,51,0.9791646542857675,1.031406434833386,1.0277397307896357
ISL,52,1.0117975844159406,1.0289421025238983,1.0277397307896357
ISL,53,1.0249551574415503,1.028749706800436,1.0277397307896357
ISL,55T56,1.03864957738155,1.0292619810346826,1.0277397307896357
ISL,58T60,1.01185408890528,1.0286693155572373,1.0277397307896357
ISL,61,1.0154219313539774,1.0282483511206881,1.0277397307896357
ISL,62T63,1.013799228473312,1.0277684843930397,1.0277397307896357
ISL,64T66,1.019505035111941,1.027418988215392,1.0277397307896357
ISL,68,1.0256252210386405,1.0280314632630185,1.0277397307896357
ISL,69T75,1.0240854779144977,1.0280268805739223,1.0277397307896357
ISL,77T82,1.0272393381999372,1.02922909463494,1.0277397307896357
ISL,84,1.0275318428360416,1.028151443582464,1.0277397307896357
ISL,85,1.0274090257123911,1.028099144011933,1.0277397307896357
ISL,86T88,1.0276013181202495,1.0283949413061138,1.0277397307896357
ISL,90T93,1.0260744323901645,1.0282511251834336,1.0277397307896357
ISL,94T98,1.026077506140215,1.0281897144315664,1.0277397307896357
ISR,01T02,1.1043665816509196,1.0599490095835722,1.0452600458581516
ISR,03,1.0307962210253188,1.0452418770656209,1.0452600458581516
ISR,05T06,0.4326851227368009,1.0416003186207798,1.0452600458581516
ISR,07T08,0.9734592275110089,1.0369255691036785,1.0452600458581516
ISR,10T12,1.0437632666842225,1.0513985171707327,1.0452600458581516
ISR,13T15,1.0018409862916644,1.0390681711183891,1.0452600458581516
ISR,16,1.069430944950891,1.0416737965632428,1.0452600458581516
ISR,17T18,1.0456383119423696,1.0391859150071028,1.0452600458581516
ISR,19,0.9762470762518947,1.0606299357441968,1.0452600458581516
ISR,20,1.0773417940527215,1.042494568199659,1.0452600458581516
ISR,21,1.041977298552702,1.0373995733018047,1.0452600458581516
ISR,22,0.9672025162471475,1.0451610407272391,1.0452600458581516
ISR,23,0.9932508211042723,1.0519853102384238,1.0452600458581516
ISR,24,1.2336917248954868,1.06874561171371,1.0452600458581516
ISR,25,1.0630618468200965,1.0433042481340762,1.0452600458581516
ISR,26,1.03501862706293,1.0338869206457029,1.0452600458581516
ISR,27,1.0561192829643924,1.0399052059395333,1.0452600458581516
ISR,28,1.0392421608827758,1.0397376642840077,1.0452600458581516
ISR,29T30,1.035351998133165,1.041007345766285,1.0452600458581516
ISR,31T33,0.9633806680957263,1.035786329578501,1.0452600458581516
ISR,35,0.8417811750374171,1.056347056966194,1.0452600458581516
ISR,36T39,1.0409325939148466,1.0417876762571925,1.0452600458581516
ISR,41T43,1.0429312130521564,1.0420051600593316,1.0452600458581516
ISR,45T47,1.0202704578096007,1.0315095230343243,1.0452600458581516
ISR,49,1.0148403016602712,1.0366595302921215,1.0452600458581516
ISR,50,0.9589656403143734,1.0502055527544014,1.0452600458581516
ISR,51,1.0585602548845898,1.0423850583965406,1.0452600458581516
ISR,52,0.9877017357264004,1.0357466829742774,1.0452600458581516
ISR,53,1.0308616959161154,1.0323961763742768,1.0452600458581516
ISR,55T56,1.029146828069256,1.042755923327046,1.0452600458581516
ISR,58T60,1.0136996744395865,1.0318920239292464,1.0452600458581516
ISR,61,1.0304480977572885,1.0296966984307072,1.0452600458581516
ISR,62T63,0.9945239503672503,1.0286433367625427,1.0452600458581516
ISR,64T66,1.0164493141729405,1.0304934259872962,1.0452600458581516
ISR,68,1.0405590040157866,1.0287919922086972,1.0452600458581516
ISR,69T75,1.0264114582160198,1.031063061080683,1.0452600458581516
ISR,77T82,1.0288544066863001,1.0286569530058958,1.0452600458581516
ISR,84,1.0434740122496282,1.036226869712122,1.0452600458581516
ISR,85,1.0440064292887583,1.0306168877334754,1.0452600458581516
ISR,86T88,1.0440502094043906,1.0317288229374086,1.0452600458581516
ISR,90T93,1.0403555659162782,1.029391047176822,1.0452600458581516
ISR,94T98,1.0355509789749258,1.0375717322531224,1.0452600458581516
ITA,01T02,1.0504261584284103,1.0471006635361557,1.0502031477684561
ITA,03,0.9975323124904003,1.0451868488491056,1.0502031477684561
ITA,05T06,0.906779279539359,1.0451360667599712,1.0502031477684561
ITA,07T08,1.0165069298008398,1.0343639206947721,1.0502031477684561
ITA,10T12,1.043818591760151,1.0579417414078702,1.0502031477684561
ITA,13T15,1.0179621617258445,1.040889357418397,1.0502031477684561
ITA,16,1.046390886929755,1.0497763114799514,1.0502031477684561
ITA,17T18,1.026720904072899,1.046012915052836,1.0502031477684561
ITA,19,0.9942653835313306,1.0659564050177825,1.0502031477684561
ITA,20,1.0364864759789825,1.0555003477031943,1.0502031477684561
ITA,21,1.0183847179600913,1.0447446265919738,1.0502031477684561
ITA,22,1.048448216072082,1.0514224259713674,1.0502031477684561
ITA,23,1.0116903119621692,1.0599774022171105,1.0502031477684561
ITA,24,1.1124551026802074,1.069636904505667,1.0502031477684561
ITA,25,1.0316491296374979,1.049342790776409,1.0502031477684561
ITA,26,1.0243577936796253,1.0448680787721316,1.0502031477684561
ITA,27,1.0269829463049394,1.0496697146426899,1.0502031477684561
ITA,28,1.021568936615997,1.045872188897682,1.0502031477684561
ITA,29T30,1.0251615734256947,1.0453393748739954,1.0502031477684561
ITA,31T33,1.0469257633320648,1.0448889997561877,1.0502031477684561
ITA,35,0.9271061327682738,1.0830810542087863,1.0502031477684561
ITA,36T39,1.0425939724304123,1.0442357494738608,1.0502031477684561
ITA,41T43,1.0439869030689146,1.0430736020511142,1.0502031477684561
ITA,45T47,1.0199929608414486,1.0387204267214423,1.0502031477684561
ITA,49,1.0146030168719253,1.04417093083343,1.0502031477684561
ITA,50,0.8362556349961068,1.0450000596628006,1.0502031477684561
ITA,51,1.008344143384296,1.0432434417407161,1.0502031477684561
ITA,52,1.0188743893536953,1.0422919479727526,1.0502031477684561
ITA,53,1.0155978436148947,1.0511893903539926,1.0502031477684561
ITA,55T56,1.0372222501445845,1.0428107268358213,1.0502031477684561
ITA,58T60,1.0162212477827521,1.0376986159117478,1.0502031477684561
ITA,61,1.026003585823267,1.0362457361412767,1.0502031477684561
ITA,62T63,1.0248630868038886,1.035087772664536,1.0502031477684561
ITA,64T66,1.0258601174258954,1.0342372035657934,1.0502031477684561
ITA,68,1.042806949541244,1.0333027058341258,1.0502031477684561
ITA,69T75,1.026900956276293,1.0371210609887376,1.0502031477684561
ITA,77T82,1.0269990598869996,1.039508674041568,1.0502031477684561
ITA,84,1.0469283780224508,1.037188479726975,1.0502031477684561
ITA,85,1.0463683651016997,1.0350630038173774,1.0502031477684561
ITA,86T88,1.0477687049129,1.0388004168028977,1.0502031477684561
ITA,90T93,1.038755409121914,1.0386345089618443,1.0502031477684561
ITA,94T98,1.0446300770404195,1.0399014227489112,1.0502031477684561
JPN,01T02,1.0729684989408952,1.0496636469668579,1.0479973818714352
JPN,03,1.0043019751988453,1.040786793787073,1.0479973818714352
JPN,05T06,0.7796182814661624,1.0442395634571082,1.0479973818714352
JPN,07T08,0.9504769117446672,1.0473118236927603,1.0479973818714352
JPN,10T12,1.0495720884015647,1.0499239851841675,1.0479973818714352
JPN,13T15,1.0119479765812527,1.0423446314196025,1.0479973818714352
JPN,16,1.0537229633112595,1.0512142946987166,1.0479973818714352
JPN,17T18,1.007124200753745,1.0491497784105346,1.0479973818714352
JPN,19,0.9500822966098283,1.0738720546541836,1.0479973818714352
JPN,20,0.9915412919595602,1.0586995330674547,1.0479973818714352
JPN,21,1.0026810009798732,1.04456072053329,1.0479973818714352
JPN,22,1.0567493273688562,1.0512118514280246,1.0479973818714352
JPN,23,0.95687004626797,1.0451816712262327,1.0479973818714352
JPN,24,1.051017614902596,1.0632937666926263,1.0479973818714352
JPN,25,1.0427020768465642,1.0598266703076766,1.0479973818714352
JPN,26,1.0245551274762297,1.0444300745593307,1.0479973818714352
JPN,27,1.0385784643230676,1.05026093574137,1.0479973818714352
JPN,28,1.0304951913148999,1.0464721498913976,1.0479973818714352
JPN,29T30,1.0084432668444574,1.0497378308495526,1.0479973818714352
JPN,31T33,1.036830485194668,1.0436065681195217,1.0479973818714352
JPN,35,0.8426001144346761,1.0847103623768317,1.0479973818714352
JPN,36T39,1.032634323410155,1.0340567064381785,1.0479973818714352
JPN,41T43,1.0446926690017315,1.048347317685997,1.0479973818714352
JPN,45T47,1.0164542680260298,1.0376589628042616,1.0479973818714352
JPN,49,1.026151336712913,1.0371364445753224,1.0479973818714352
JPN,50,0.8452044523027293,1.0789777668965725,1.0479973818714352
JPN,51,0.9474609190867288,1.0508805393865155,1.0479973818714352
JPN,52,1.0117166538240228,1.0359191423455614,1.0479973818714352
JPN,53,1.0176397136413984,1.0354231139009136,1.0479973818714352
JPN,55T56,1.0349267083046945,1.0456082538108697,1.0479973818714352
JPN,58T60,1.020099419208364,1.0366608091874923,1.0479973818714352
JPN,61,1.0391356849278708,1.0350120623620047,1.0479973818714352
JPN,62T63,1.0204887529740383,1.0333055361215941,1.0479973818714352
JPN,64T66,1.0277053609023445,1.0327999347205703,1.0479973818714352
JPN,68,1.0417052330326466,1.029514713162758,1.0479973818714352
JPN,69T75,1.018734021720261,1.03457253202975,1.0479973818714352
JPN,77T82,1.0125546465480237,1.0338761877151792,1.0479973818714352
JPN,84,1.0454286817265988,1.0344838842064972,1.0479973818714352
JPN,85,1.0437054365728653,1.0332620151797318,1.0479973818714352
JPN,86T88,1.0461016474594724,1.0361281660951538,1.0479973818714352
JPN,90T93,1.0390392327956735,1.0413237402737903,1.0479973818714352
JPN,94T98,1.0402466102835766,1.038318497695239,1.0479973818714352
KAZ,01T02,0.832188874436205,0.976187293256602,0.9865087462136772
KAZ,03,0.9865852061172566,0.936444224052819,0.9865087462136772
KAZ,05T06,0.8172686750167999,0.9647441449895674,0.9865087462136772
KAZ,07T08,0.7618310382171373,0.9883938401242831,0.9865087462136772
KAZ,10T12,0.9968080693128138,1.0016988414005927,0.9865087462136772
KAZ,13T15,1.0765439593469708,0.9911040949035798,0.9865087462136772
KAZ,16,0.9005966593937704,1.0158777169363218,0.9865087462136772
KAZ,17T18,1.040291959190027,0.9800775529348541,0.9865087462136772
KAZ,19,0.8470192280386777,0.9899770729938199,0.9865087462136772
KAZ,20,0.8196702782269127,0.987342832085237,0.9865087462136772
KAZ,21,0.8757621202366186,0.9525993231121797,0.9865087462136772
KAZ,22,0.9482676989303588,1.0009769068274839,0.9865087462136772
KAZ,23,0.47785902037511746,1.0053435674477282,0.9865087462136772
KAZ,24,0.9460518113058025,0.9812043451821567,0.9865087462136772
KAZ,25,1.0634343486437174,0.9960760574359542,0.9865087462136772
KAZ,26,1.0171705424351059,0.9743235255379129,0.9865087462136772
KAZ,27,1.0830010427248096,0.9860826335389515,0.9865087462136772
KAZ,28,1.0456845191173858,0.9869360360881622,0.9865087462136772
KAZ,29T30,1.114812824610846,0.9632827650456722,0.9865087462136772
KAZ,31T33,1.0107974824960206,0.9843935375683269,0.9865087462136772
KAZ,35,0.3037311825242859,1.0065465713463213,0.9865087462136772
KAZ,36T39,0.9476840304800077,1.023463694300031,0.9865087462136772
KAZ,41T43,0.9670081389520958,1.0127930017023932,0.9865087462136772
KAZ,45T47,0.9921860394835401,0.9499865301792679,0.9865087462136772
KAZ,49,0.9424817200982107,0.9625660080468716,0.9865087462136772
KAZ,50,1.1501258041411346,0.9835473050721611,0.9865087462136772
KAZ,51,1.0141686359980713,0.9582740970151225,0.9865087462136772
KAZ,52,1.0095382563735775,0.9560599040801308,0.9865087462136772
KAZ,53,1.0132876159631405,0.9499594552212383,0.9865087462136772
KAZ,55T56,1.0403165712031224,0.9662495406162771,0.9865087462136772
KAZ,58T60,1.0062197276434917,0.984586392998417,0.9865087462136772
KAZ,61,0.9906206261185365,0.9632258252061286,0.9865087462136772
KAZ,62T63,0.9707826698419184,0.9696611210965308,0.9865087462136772
KAZ,64T66,0.9691014757441092,0.945536828049136,0.9865087462136772
KAZ,68,0.9792940573612353,0.9528078660930985,0.9865087462136772
KAZ,69T75,0.9756784119306738,0.9697930170417429,0.9865087462136772
KAZ,77T82,0.9735665377581503,0.9622960847511501,0.9865087462136772
KAZ,84,0.9688207896931628,1.0043644480178147,0.9865087462136772
KAZ,85,0.9798290550734028,0.9996112525575549,0.9865087462136772
KAZ,86T88,0.9775412819930329,0.9952247062801998,0.9865087462136772
KAZ,90T93,0.9763903759654029,1.0069127694540316,0.9865087462136772
KAZ,94T98,0.9784536344915286,1.018385882953172,0.9865087462136772
KHM,01T02,0.3856406505586544,1.0022198315782342,1.0524383653625038
KHM,03,0.9798040929483008,0.9428533201221466,1.0524383653625038
KHM,05T06,1.0314363842690066,0.9672108792603431,1.0524383653625038
KHM,07T08,0.9204541238811068,0.976167784359148,1.0524383653625038
KHM,10T12,0.8735869979451528,1.1760649614133654,1.0524383653625038
KHM,13T15,1.2114331260160984,0.9987735509910546,1.0524383653625038
KHM,16,0.9769058785509834,1.0449525207557986,1.0524383653625038
KHM,17T18,1.001396620746371,1.0518035377218693,1.0524383653625038
KHM,19,0.21943628855149516,1.0123931633416972,1.0524383653625038
KHM,20,1.0531241961336106,1.0618990674627007,1.0524383653625038
KHM,21,1.1737766317478404,0.9918461572584745,1.0524383653625038
KHM,22,0.8594772555681134,1.0921986107640338,1.0524383653625038
KHM,23,0.20320695798564492,1.0015404713635183,1.0524383653625038
KHM,24,1.692304819414452,0.9941625631140327,1.0524383653625038
KHM,25,1.2558327050562978,1.006786437938566,1.0524383653625038
KHM,26,1.0905177308358438,0.9930802540659249,1.0524383653625038
KHM,27,1.15619244037099,1.0030016618473303,1.0524383653625038
KHM,28,1.1518576059502672,0.990219596560652,1.0524383653625038
KHM,29T30,1.1124979578042133,0.9992062870753513,1.0524383653625038
KHM,31T33,0.9003205835587303,1.0044603030700296,1.0524383653625038
KHM,35,0.6064411639563067,1.0608999637265357,1.0524383653625038
KHM,36T39,1.0218768608837314,1.0358646218139738,1.0524383653625038
KHM,41T43,1.0320258309937962,0.9916307134904159,1.0524383653625038
KHM,45T47,1.0650933320312213,0.9952900656762673,1.0524383653625038
KHM,49,0.9627971038760256,0.9872293470148439,1.0524383653625038
KHM,50,1.065114001563317,1.0100948922515762,1.0524383653625038
KHM,51,0.6983948177106772,1.022003138298157,1.0524383653625038
KHM,52,1.0998146632520482,0.9769687315148718,1.0524383653625038
KHM,53,1.118474578031325,0.9801655213122059,1.0524383653625038
KHM,55T56,0.9790609673308206,1.0913149035795136,1.0524383653625038
KHM,58T60,1.077964579205459,0.9954497991515773,1.0524383653625038
KHM,61,1.0524627587260094,0.9822903411707805,1.0524383653625038
KHM,62T63,1.0591178106456907,0.9974534466659185,1.0524383653625038
KHM,64T66,1.1122862177817812,0.9545779272687291,1.0524383653625038
KHM,68,1.0583207084357693,0.9842773076658519,1.0524383653625038
KHM,69T75,1.0676892101267728,0.9934546238217005,1.0524383653625038
KHM,77T82,1.0540584194231244,0.9933982096222975,1.0524383653625038
KHM,84,1.040151203091611,1.0104787099570052,1.0524383653625038
KHM,85,1.0602576266926176,0.9683785583919298,1.0524383653625038
KHM,86T88,1.0548673799563202,0.9785415188671209,1.0524383653625038
KHM,90T93,1.0688226886371548,0.9784378602790855,1.0524383653625038
KHM,94T98,1.0525889328210716,0.9724274515260237,1.0524383653625038
KOR,01T02,1.0697102004854573,1.0393977865648152,1.0553947214456134
KOR,03,0.9913430347875741,1.0442610354629425,1.0553947214456134
KOR,05T06,0.38785372710648003,1.0363008880844113,1.0553947214456134
KOR,07T08,0.9377805806138428,1.0455818595796937,1.0553947214456134
KOR,10T12,1.045148997505192,1.0588864309123118,1.0553947214456134
KOR,13T15,1.0001343990759992,1.0499526822036942,1.0553947214456134
KOR,16,1.0503880509170165,1.0586440799430512,1.0553947214456134
KOR,17T18,0.9949483689995193,1.0539884671637736,1.0553947214456134
KOR,19,0.9477097749340834,1.0590500257743924,1.0553947214456134
KOR,20,0.9935028593584435,1.0647307859039337,1.0553947214456134
KOR,21,1.0278083691063877,1.0472569362016444,1.0553947214456134
KOR,22,1.0181741100603785,1.0563828598131115,1.0553947214456134
KOR,23,0.9296597469701954,1.07876886645571,1.0553947214456134
KOR,24,0.9272018794637971,1.098569822932709,1.0553947214456134
KOR,25,1.0206574916016262,1.064905358170568,1.0553947214456134
KOR,26,1.014591898565663,1.042665839367306,1.0553947214456134
KOR,27,1.0195355626279883,1.057324420532359,1.0553947214456134
KOR,28,1.0212186529979248,1.0535391596773735,1.0553947214456134
KOR,29T30,1.0005273807035115,1.055666522237518,1.0553947214456134
KOR,31T33,1.0306848488525526,1.0497995292429756,1.0553947214456134
KOR,35,0.7408536009046861,1.1088763652166023,1.0553947214456134
KOR,36T39,1.00972953474076,1.045877279814587,1.0553947214456134
KOR,41T43,1.0510092213863307,1.0576851409420793,1.0553947214456134
KOR,45T47,0.9974942548657854,1.036283452341722,1.0553947214456134
KOR,49,0.9704877643324492,1.0446366788775794,1.0553947214456134
KOR,50,0.9165997078558576,1.0635948004672904,1.0553947214456134
KOR,51,0.8412695470851866,1.0432436275281614,1.0553947214456134
KOR,52,0.9734783940943881,1.0397813186599674,1.0553947214456134
KOR,53,0.9739622582631208,1.0414510367384875,1.0553947214456134
KOR,55T56,1.0293010716443767,1.0476088625776798,1.0553947214456134
KOR,58T60,1.017665656967275,1.0311835746557028,1.0553947214456134
KOR,61,1.0199658607645063,1.0358130526807199,1.0553947214456134
KOR,62T63,1.0186285602858867,1.0264476894670913,1.0553947214456134
KOR,64T66,1.0296354877451874,1.0249284501774116,1.0553947214456134
KOR,68,1.0462007308394519,1.0246572825216822,1.0553947214456134
KOR,69T75,1.0092749372646819,1.042310383062425,1.0553947214456134
KOR,77T82,1.007949955279198,1.0269798490224422,1.0553947214456134
KOR,84,1.0510058814122207,1.0263866170929394,1.0553947214456134
KOR,85,1.0493945500496413,1.033237693613962,1.0553947214456134
KOR,86T88,1.0498018101967712,1.0378705992971915,1.0553947214456134
KOR,90T93,1.0373162510798217,1.0415159313839244,1.0553947214456134
KOR,94T98,1.0344343332460544,1.0413965190737593,1.0553947214456134
LAO,01T02,0.5601735441125125,0.9766222173915511,0.9972910135995401
LAO,03,0.854484532022922,0.9151530536137366,0.9972910135995401
LAO,05T06,0.9082278025498691,0.9567651201098937,0.9972910135995401
LAO,07T08,0.9508395178060832,0.9585328071870679,0.9972910135995401
LAO,10T12,0.8579997352552147,1.1798486404530575,0.9972910135995401
LAO,13T15,1.2534176286163576,0.9532010939022608,0.9972910135995401
LAO,16,0.9193039287692291,1.1120850692359117,0.9972910135995401
LAO,17T18,0.867748315679028,1.1028085189713126,0.9972910135995401
LAO,19,1.0849784142593186,0.9852502830845347,0.9972910135995401
LAO,20,1.296240358765647,0.9825745169488573,0.9972910135995401
LAO,21,1.0285910642355858,0.961287354551256,0.9972910135995401
LAO,22,0.7434164544829658,1.009131380264929,0.9972910135995401
LAO,23,1.0112561995960354,0.9858813006814966,0.9972910135995401
LAO,24,1.9354995238254538,0.9910594432022892,0.9972910135995401
LAO,25,1.292094673973354,0.993037701516276,0.9972910135995401
LAO,26,1.0702612847230664,0.9889235996979548,0.9972910135995401
LAO,27,1.1911818154407134,0.9926483625258617,0.9972910135995401
LAO,28,1.1723720168080067,0.9944647285791507,0.9972910135995401
LAO,29T30,1.1153458338493967,0.9988383392919828,0.9972910135995401
LAO,31T33,0.6426787387917431,1.0192683465101895,0.9972910135995401
LAO,35,0.32763202094651755,0.9825188454415636,0.9972910135995401
LAO,36T39,0.931580621572285,0.9684692006056377,0.9972910135995401
LAO,41T43,0.9776657266063764,1.0050477122262138,0.9972910135995401
LAO,45T47,0.9982080327031678,0.9557150520460455,0.9972910135995401
LAO,49,1.0435292271543586,0.9717200235563267,0.9972910135995401
LAO,50,0.5713109889728457,1.0111440655134725,0.9972910135995401
LAO,51,1.041727316344247,0.9490352574983305,0.9972910135995401
LAO,52,0.889992253542307,0.9976652668381185,0.9972910135995401
LAO,53,1.0282892079212371,0.9511601104477755,0.9972910135995401
LAO,55T56,0.9941969063788566,1.0336072408749022,0.9972910135995401
LAO,58T60,0.977794330798445,1.023582382174627,0.9972910135995401
LAO,61,1.0034779493639374,0.9524461286982179,0.9972910135995401
LAO,62T63,1.0075741673208676,0.9834842463260776,0.9972910135995401
LAO,64T66,1.014905397513146,0.9329299025204086,0.9972910135995401
LAO,68,1.0147268490531092,0.9330731428506135,0.9972910135995401
LAO,69T75,1.0165149100167317,0.9703206614359189,0.9972910135995401
LAO,77T82,0.9976026608032025,0.9776040674854107,0.9972910135995401
LAO,84,0.9914310609681842,0.9574266245592608,0.9972910135995401
LAO,85,1.0075261042912185,0.9516039806966101,0.9972910135995401
LAO,86T88,0.9954880318363211,0.9662387560738493,0.9972910135995401
LAO,90T93,1.0262988359409562,0.9636259569642457,0.9972910135995401
LAO,94T98,1.0042325147125617,0.9473919007030731,0.9972910135995401
LTU,01T02,0.7042259274429126,1.0484525335937565,1.042681379677066
LTU,03,1.0157186085670598,1.0316986953060572,1.042681379677066
LTU,05T06,0.6715987804182875,1.0336592070916741,1.042681379677066
LTU,07T08,0.9991352687380486,1.0326322548300668,1.042681379677066
LTU,10T12,1.0115910599278657,1.0606383441036284,1.042681379677066
LTU,13T15,1.051760902945165,1.0255894140074562,1.042681379677066
LTU,16,1.0377811226966136,1.0550285312366008,1.042681379677066
LTU,17T18,1.0354415899311047,1.0335577831157656,1.042681379677066
LTU,19,1.0072523650425882,1.0392269731788182,1.042681379677066
LTU,20,0.6445468274679117,1.067125443270229,1.042681379677066
LTU,21,1.0323069215842098,1.024619664604552,1.042681379677066
LTU,22,1.0345830035116605,1.0454920166080695,1.042681379677066
LTU,23,0.9171932334565481,1.0324376623190812,1.042681379677066
LTU,24,1.3960886954110876,1.0474327513309432,1.042681379677066
LTU,25,1.0681895263841095,1.0337076483517893,1.042681379677066
LTU,26,1.0417689496060316,1.0244353274025852,1.042681379677066
LTU,27,1.0483512067292557,1.0362132237295287,1.042681379677066
LTU,28,1.0297245233487267,1.0335047924899874,1.042681379677066
LTU,29T30,1.043805029588542,1.032957905389722,1.042681379677066
LTU,31T33,1.065585165823012,1.0291192039532207,1.042681379677066
LTU,35,1.0627910725762708,1.02946699067048,1.042681379677066
LTU,36T39,1.0291051648815672,1.0248853010827506,1.042681379677066
LTU,41T43,1.0358717286091144,1.02786234279699,1.042681379677066
LTU,45T47,1.016462418268263,1.0165322197657456,1.042681379677066
LTU,49,1.0016210909619314,1.0230993967246618,1.042681379677066
LTU,50,0.9305579545884164,1.021802321630997,1.042681379677066
LTU,51,1.1761477350954688,1.030867647379412,1.042681379677066
LTU,52,1.0004497369097818,1.020726057030218,1.042681379677066
LTU,53,1.029493669111889,1.0183405753853418,1.042681379677066
LTU,55T56,1.031586955512176,1.0210979607484454,1.042681379677066
LTU,58T60,1.007497662566462,1.0243469069649884,1.042681379677066
LTU,61,1.025504083662022,1.0161591833322192,1.042681379677066
LTU,62T63,1.0210424033131251,1.0143330559844383,1.042681379677066
LTU,64T66,1.0227539545126982,1.0128489904101032,1.042681379677066
LTU,68,1.0236724664697945,1.0185434783606988,1.042681379677066
LTU,69T75,1.008190514376106,1.0155553162314632,1.042681379677066
LTU,77T82,1.017519889446573,1.018570731980123,1.042681379677066
LTU,84,1.03818257304073,1.0147470825124765,1.042681379677066
LTU,85,1.0396075992828053,1.0127618310185378,1.042681379677066
LTU,86T88,1.0401143189890463,1.0158012933719738,1.042681379677066
LTU,90T93,1.0342884199110867,1.0170659463772753,1.042681379677066
LTU,94T98,1.031653141028039,1.0163449479867552,1.042681379677066
LVA,01T02,0.7827611476965796,1.0693134959034611,1.0345887485094063
LVA,03,0.9724642365436806,1.0271319029258468,1.0345887485094063
LVA,05T06,0.04569154412174003,1.0373910392512746,1.0345887485094063
LVA,07T08,0.9781042425242601,1.0288411458085613,1.0345887485094063
LVA,10T12,1.007176026711463,1.0628353428511257,1.0345887485094063
LVA,13T15,1.0244310150271319,1.0311057054363293,1.0345887485094063
LVA,16,0.9705056388553983,1.0742298730845692,1.0345887485094063
LVA,17T18,1.0620629713964442,1.0269571766496477,1.0345887485094063
LVA,19,0.14728574107911177,1.0262385515222867,1.0345887485094063
LVA,20,1.0771216132529653,1.0538728138281577,1.0345887485094063
LVA,21,1.028106547213096,1.021146490268059,1.0345887485094063
LVA,22,1.0583438294959708,1.0391657972325925,1.0345887485094063
LVA,23,0.8819916464866969,1.0337842350502737,1.0345887485094063
LVA,24,1.4216717055987054,1.046728074759812,1.0345887485094063
LVA,25,1.0422213082668186,1.040033149385663,1.0345887485094063
LVA,26,1.0398128358033325,1.0231282845050274,1.0345887485094063
LVA,27,1.0542700336850062,1.0279310023918875,1.0345887485094063
LVA,28,1.0284266099908188,1.0304107118101042,1.0345887485094063
LVA,29T30,1.0149003157765581,1.0415237832512934,1.0345887485094063
LVA,31T33,1.0356300157645992,1.0332774037547812,1.0345887485094063
LVA,35,0.973390023239329,1.0442378024290722,1.0345887485094063
LVA,36T39,1.0363186922102159,1.023657836863462,1.0345887485094063
LVA,41T43,1.0236441701172094,1.0352557323071998,1.0345887485094063
LVA,45T47,1.005910994057803,1.0165760398886712,1.0345887485094063
LVA,49,0.9547267142674717,1.0242740339842338,1.0345887485094063
LVA,50,1.0836769366752468,1.023589326297019,1.0345887485094063
LVA,51,1.021170320288741,1.0350550735291033,1.0345887485094063
LVA,52,1.0015023817212627,1.0195043308414435,1.0345887485094063
LVA,53,1.0275986722506985,1.0138426680343593,1.0345887485094063
LVA,55T56,1.0302676136075881,1.0225425034772135,1.0345887485094063
LVA,58T60,1.0006423701703195,1.0137651322686088,1.0345887485094063
LVA,61,1.0313967700440048,1.011166875238989,1.0345887485094063
LVA,62T63,1.0198770390204763,1.008432915243752,1.0345887485094063
LVA,64T66,1.0158447738605965,1.0085080608603723,1.0345887485094063
LVA,68,1.0248786540019401,1.0126497359126683,1.0345887485094063
LVA,69T75,1.0142689493544323,1.0112771336289803,1.0345887485094063
LVA,77T82,1.0088118526171315,1.0215277065314678,1.0345887485094063
LVA,84,1.0311314179706887,1.0115717240153157,1.0345887485094063
LVA,85,1.03187156170715,1.0142826960590932,1.0345887485094063
LVA,86T88,1.0321535534891157,1.016525293893972,1.0345887485094063
LVA,90T93,1.0306558688424357,1.0191203720495112,1.0345887485094063
LVA,94T98,1.0308570906540095,1.0178320662432656,1.0345887485094063
MAR,01T02,0.9922398813114284,1.0375273315900724,1.0524351429956287
MAR,03,1.0260254746658921,1.0217155550808181,1.0524351429956287
MAR,05T06,0.8984058190122292,1.0327173655401507,1.0524351429956287
MAR,07T08,0.9271233748272724,1.0328197637624423,1.0524351429956287
MAR,10T12,1.026864446342128,1.0661667009950566,1.0524351429956287
MAR,13T15,1.0224627523697734,1.0361801056248348,1.0524351429956287
MAR,16,1.074353195145541,1.0467561213387968,1.0524351429956287
MAR,17T18,0.9991777729042346,1.0416998283911327,1.0524351429956287
MAR,19,0.90477872707872,1.086139035816724,1.0524351429956287
MAR,20,1.0483888227919154,1.0447467287184213,1.0524351429956287
MAR,21,1.0352102492571904,1.0333504887708518,1.0524351429956287
MAR,22,0.9941336145089528,1.0741248368419036,1.0524351429956287
MAR,23,0.6786776171748504,1.0811421000555546,1.0524351429956287
MAR,24,1.1632192291476158,1.056653371345339,1.0524351429956287
MAR,25,1.0229491597868372,1.0555876317337873,1.0524351429956287
MAR,26,1.015711989236626,1.0464162063211522,1.0524351429956287
MAR,27,1.04449065489494,1.0419899940394652,1.0524351429956287
MAR,28,1.0291778986935147,1.0459513645818979,1.0524351429956287
MAR,29T30,1.0230206800166908,1.043541771226637,1.0524351429956287
MAR,31T33,1.0747434410920709,1.0333461351429376,1.0524351429956287
MAR,35,0.6820696155334006,1.0357998654580722,1.0524351429956287
MAR,36T39,1.0135320395974585,1.0267830996628269,1.0524351429956287
MAR,41T43,1.0414170215120293,1.0871402519091757,1.0524351429956287
MAR,45T47,1.0069099720034687,1.0270942171105073,1.0524351429956287
MAR,49,0.9386993705392488,1.0323086805289337,1.0524351429956287
MAR,50,0.9350990176962852,1.0528899225832298,1.0524351429956287
MAR,51,0.7479733582473516,1.0497577805965717,1.0524351429956287
MAR,52,0.9886172171319176,1.030285399522133,1.0524351429956287
MAR,53,1.021267905411614,1.023203397425229,1.0524351429956287
MAR,55T56,1.0305625173897144,1.0352130998525937,1.0524351429956287
MAR,58T60,0.9576766519953822,1.0513552503718913,1.0524351429956287
MAR,61,1.0291128124924735,1.0282851666949637,1.0524351429956287
MAR,62T63,1.0518257689941715,1.0108018852787173,1.0524351429956287
MAR,64T66,1.0115936553941305,1.0146236053394744,1.0524351429956287
MAR,68,1.0427617669237514,1.0099694506480175,1.0524351429956287
MAR,69T75,1.0320767993303643,1.0114385519441342,1.0524351429956287
MAR,77T82,1.0247907048825673,1.0126057020975239,1.0524351429956287
MAR,84,1.0422003037888927,1.0263768629276961,1.0524351429956287
MAR,85,1.048259170820678,1.0187383363381541,1.0524351429956287
MAR,86T88,1.0472425614698302,1.0226254121441982,1.0524351429956287
MAR,90T93,1.0236602977764422,1.0315904949849832,1.0524351429956287
MAR,94T98,1.0392630167625756,1.020106783572298,1.0524351429956287
MEX,01T02,0.8327047840479119,1.0277456963640215,1.0288570917361235
MEX,03,0.9972950981322247,1.0267044865115014,1.0288570917361235
MEX,05T06,0.8102173686200183,1.020561042182771,1.0288570917361235
MEX,07T08,0.9759168012307923,1.0253577209361622,1.0288570917361235
MEX,10T12,1.0242575551465007,1.0623705681988738,1.0288570917361235
MEX,13T15,1.0298876179927996,1.0349572039466377,1.0288570917361235
MEX,16,0.9695148838299492,1.0650953264864873,1.0288570917361235
MEX,17T18,0.9987178669845906,1.0395598917398374,1.0288570917361235
MEX,19,0.9012953630531573,1.0762190390543453,1.0288570917361235
MEX,20,0.6518138629931514,1.0641812954191854,1.0288570917361235
MEX,21,0.9863137132452984,1.0456037193347605,1.0288570917361235
MEX,22,0.9090454230304061,1.0646878327829143,1.0288570917361235
MEX,23,0.7041145118063722,1.0876595813721648,1.0288570917361235
MEX,24,1.0721675871832983,1.0436156191030468,1.0288570917361235
MEX,25,1.020175653094968,1.0511641721412295,1.0288570917361235
MEX,26,1.0308370235260524,1.0309373887677298,1.0288570917361235
MEX,27,1.0352500483781117,1.0446858142325879,1.0288570917361235
MEX,28,1.0387369088747727,1.030596398527545,1.0288570917361235
MEX,29T30,1.030388026799059,1.0353926941993425,1.0288570917361235
MEX,31T33,0.9402769040956868,1.037086445073447,1.0288570917361235
MEX,35,0.7204218656144021,1.0211752923606017,1.0288570917361235
MEX,36T39,0.9999538598155334,1.062601746198754,1.0288570917361235
MEX,41T43,1.02476420329412,1.0267076576509038,1.0288570917361235
MEX,45T47,1.0175336697444841,1.0045150560855012,1.0288570917361235
MEX,49,0.9691743748086029,1.0177057014449953,1.0288570917361235
MEX,50,0.8572727795350247,1.0069406390995743,1.0288570917361235
MEX,51,0.9971864936730772,1.0355548905569625,1.0288570917361235
MEX,52,1.0076995450078936,1.0116848945763752,1.0288570917361235
MEX,53,0.9921569955433315,1.0182430023457516,1.0288570917361235
MEX,55T56,1.038965044865698,1.0147852156914414,1.0288570917361235
MEX,58T60,1.0276963700141328,1.013920030487186,1.0288570917361235
MEX,61,1.0246760521936475,1.0053045906005056,1.0288570917361235
MEX,62T63,1.025388122656436,1.008970039773091,1.0288570917361235
MEX,64T66,1.0289654308848295,0.9999584361772212,1.0288570917361235
MEX,68,1.0257856098659657,0.9973009563080918,1.0288570917361235
MEX,69T75,1.0036656747302566,1.0054172528896932,1.0288570917361235
MEX,77T82,0.9996342465282535,1.0039679466726505,1.0288570917361235
MEX,84,1.0248546851945506,1.0128216529564356,1.0288570917361235
MEX,85,1.0290383409737067,1.0031491689360987,1.0288570917361235
MEX,86T88,1.0272382652168774,1.014260810795385,1.0288570917361235
MEX,90T93,1.030158153810037,1.0098356757416471,1.0288570917361235
MEX,94T98,1.0251193282410556,1.0040593830588453,1.0288570917361235
MLT,01T02,1.0910502920146155,1.0340238857734343,1.0500732035155393
MLT,03,1.0210308472507477,1.063271309348158,1.0500732035155393
MLT,05T06,0.9366432589860976,1.0480691716436985,1.0500732035155393
MLT,07T08,1.0374946029168144,1.036565255915316,1.0500732035155393
MLT,10T12,1.0558071391115724,1.047874409470954,1.0500732035155393
MLT,13T15,0.9744346755898218,1.0526817399999273,1.0500732035155393
MLT,16,1.0493561950061625,1.040831550176168,1.0500732035155393
MLT,17T18,1.0828763886204553,1.042184701133835,1.0500732035155393
MLT,19,1.0186784324025768,1.0571530953312858,1.0500732035155393
MLT,20,1.1003454239520802,1.050621296071472,1.0500732035155393
MLT,21,0.9944808941901061,1.0535110774746186,1.0500732035155393
MLT,22,1.0589240576847447,1.04170382911078,1.0500732035155393
MLT,23,1.1088118256478388,1.0511568185593994,1.0500732035155393
MLT,24,1.346095790267989,1.043418329141355,1.0500732035155393
MLT,25,0.9960164926722536,1.052796714735999,1.0500732035155393
MLT,26,1.0059176566891492,1.052965101903224,1.0500732035155393
MLT,27,1.0299077185529903,1.0470437508138917,1.0500732035155393
MLT,28,1.0175232490036799,1.0491322432071313,1.0500732035155393
MLT,29T30,1.0343088408487748,1.0358530142169633,1.0500732035155393
MLT,31T33,1.0353659909598363,1.0397872354121378,1.0500732035155393
MLT,35,0.890443768685198,1.109920050721332,1.0500732035155393
MLT,36T39,1.0328662008860763,1.048643506937644,1.0500732035155393
MLT,41T43,1.035815378008121,1.041366203219637,1.0500732035155393
MLT,45T47,1.0152825194648678,1.0378262079375054,1.0500732035155393
MLT,49,1.0117197027318179,1.0375006718535733,1.0500732035155393
MLT,50,0.436093225724635,1.038909951374326,1.0500732035155393
MLT,51,1.0257938695525786,1.0451280413854955,1.0500732035155393
MLT,52,0.9710053440690891,1.0373769940360165,1.0500732035155393
MLT,53,0.9963622630947291,1.0687120100203154,1.0500732035155393
MLT,55T56,1.025414965397062,1.0398783515460974,1.0500732035155393
MLT,58T60,1.0085947188417879,1.0272061527160494,1.0500732035155393
MLT,61,1.016331850768119,1.0246755255781363,1.0500732035155393
MLT,62T63,0.9942413073479636,1.0305343505392435,1.0500732035155393
MLT,64T66,1.0003640011192627,1.0338674690711283,1.0500732035155393
MLT,68,1.03159560296728,1.0271176637472414,1.0500732035155393
MLT,69T75,1.0012605823853438,1.0299425580677233,1.0500732035155393
MLT,77T82,0.9981640828890687,1.0353846500197403,1.0500732035155393
MLT,84,1.0431256730431622,1.0257799111685073,1.0500732035155393
MLT,85,1.0429354590165454,1.02127600794651,1.0500732035155393
MLT,86T88,1.0459568698035129,1.0306002080947618,1.0500732035155393
MLT,90T93,1.0185437615098558,1.0223004530739377,1.0500732035155393
MLT,94T98,1.0343071412912375,1.0303241052609344,1.0500732035155393
MMR,01T02,0.5531164746134968,1.1066466474712804,1.0156257440182088
MMR,03,1.002291611728429,0.8825361443001585,1.0156257440182088
MMR,05T06,0.7529535302712832,0.9628706380744126,1.0156257440182088
MMR,07T08,1.075640628236201,0.9773569359930726,1.0156257440182088
MMR,10T12,0.8366712311755967,1.1738588957668668,1.0156257440182088
MMR,13T15,1.1152277074122598,1.005059087661011,1.0156257440182088
MMR,16,0.8970317613622684,1.0802609813433859,1.0156257440182088
MMR,17T18,1.0738176019818673,0.996060778937371,1.0156257440182088
MMR,19,0.9150904833968957,1.0194664365652573,1.0156257440182088
MMR,20,0.977257010627059,1.0626562859178332,1.0156257440182088
MMR,21,0.9731247106151972,1.042674140190152,1.0156257440182088
MMR,22,1.0364005443119602,1.0509144030397324,1.0156257440182088
MMR,23,0.9147864729749915,0.9903972647695827,1.0156257440182088
MMR,24,1.727622291441437,0.9989124441670284,1.0156257440182088
MMR,25,1.1295819117035273,0.9801623765612905,1.0156257440182088
MMR,26,1.0525870455551196,0.9682767235432208,1.0156257440182088
MMR,27,1.1179563284787495,0.9815682653787893,1.0156257440182088
MMR,28,1.1108186311924666,0.9710614759100117,1.0156257440182088
MMR,29T30,1.1316456855053962,0.9687306943551363,1.0156257440182088
MMR,31T33,1.0665494066630041,0.9862811785083873,1.0156257440182088
MMR,35,0.4793192892091071,1.0466015920964764,1.0156257440182088
MMR,36T39,1.0201008038178814,0.9735292954929664,1.0156257440182088
MMR,41T43,0.9568730621133542,0.9970614919660767,1.0156257440182088
MMR,45T47,0.9524129914735908,0.9959587043083793,1.0156257440182088
MMR,49,0.9274960284880752,0.9549030511962792,1.0156257440182088
MMR,50,0.9837132557424816,1.0036714742553638,1.0156257440182088
MMR,51,1.075843097545443,0.9736215823767903,1.0156257440182088
MMR,52,0.9923548240348005,0.9686040222220224,1.0156257440182088
MMR,53,1.0302875149206965,0.929665398634554,1.0156257440182088
MMR,55T56,1.0228405078072738,1.0170129150728582,1.0156257440182088
MMR,58T60,1.1386080384193116,0.955365800001696,1.0156257440182088
MMR,61,1.0408182776446437,0.9125983869185352,1.0156257440182088
MMR,62T63,1.2414113043191313,0.9288898880120156,1.0156257440182088
MMR,64T66,1.0041544816946386,0.9072893255315515,1.0156257440182088
MMR,68,1.031669971878654,0.91866285406232,1.0156257440182088
MMR,69T75,1.149957720764731,0.9422990467672583,1.0156257440182088
MMR,77T82,1.0399167677395584,0.9577417273121844,1.0156257440182088
MMR,84,1.0102871301172118,0.9647620277117944,1.0156257440182088
MMR,85,1.0136221897453181,0.9698137518148613,1.0156257440182088
MMR,86T88,1.0127416059950014,0.9799270944741761,1.0156257440182088
MMR,90T93,1.0084325065771553,1.0211387520968906,1.0156257440182088
MMR,94T98,1.0106694945560062,1.0041807287838076,1.0156257440182088
NLD,01T02,1.0856431510391502,1.0527000523537393,1.0463416209228833
NLD,03,0.9162119866245834,1.033774969175339,1.0463416209228833
NLD,05T06,0.9248184929796387,1.0468953203664098,1.0463416209228833
NLD,07T08,1.0065322073192609,1.0576934818937016,1.0463416209228833
NLD,10T12,1.0272629182090753,1.0607590304544385,1.0463416209228833
NLD,13T15,0.9865884898948256,1.0474187764378453,1.0463416209228833
NLD,16,1.0866352871581928,1.0419636738642555,1.0463416209228833
NLD,17T18,1.0352317058228981,1.0391426306476337,1.0463416209228833
NLD,19,0.9757620722296297,1.0625832927826058,1.0463416209228833
NLD,20,0.9398242060354572,1.054900349570416,1.0463416209228833
NLD,21,0.9970951011360096,1.0334948030364064,1.0463416209228833
NLD,22,1.056053584775821,1.0483839566927182,1.0463416209228833
NLD,23,1.0955856630334746,1.0457582472309845,1.0463416209228833
NLD,24,0.9560528772709415,1.0626935499241548,1.0463416209228833
NLD,25,1.0425757255869736,1.0475384857092358,1.0463416209228833
NLD,26,1.037884793481805,1.0319798151981134,1.0463416209228833
NLD,27,1.0503328332424136,1.0374839281427022,1.0463416209228833
NLD,28,1.0400423881927734,1.0365993792251138,1.0463416209228833
NLD,29T30,1.0377156095218398,1.038061832324036,1.0463416209228833
NLD,31T33,1.0415510503128376,1.0358281382412176,1.0463416209228833
NLD,35,0.8065098819053591,1.0544397211636167,1.0463416209228833
NLD,36T39,1.0310019782736752,1.0339064035966776,1.0463416209228833
NLD,41T43,1.0368472383804577,1.0395410496555837,1.0463416209228833
NLD,45T47,1.022255871051069,1.0294089577783274,1.0463416209228833
NLD,49,1.0179951160723382,1.035910374632124,1.0463416209228833
NLD,50,0.8864423272919851,1.054430288880425,1.0463416209228833
NLD,51,0.9674469579965791,1.0399197939483258,1.0463416209228833
NLD,52,1.0124272643075851,1.0315962928538616,1.0463416209228833
NLD,53,1.0282771791317127,1.028953517202313,1.0463416209228833
NLD,55T56,1.0353477470858468,1.0365446433370717,1.0463416209228833
NLD,58T60,1.0126981797972918,1.0292746628875078,1.0463416209228833
NLD,61,1.022113040885862,1.0294430206241425,1.0463416209228833
NLD,62T63,1.0126896209237386,1.0268025754906096,1.0463416209228833
NLD,64T66,1.0274090319784008,1.0258231166040992,1.0463416209228833
NLD,68,1.0401976212159518,1.028536728853686,1.0463416209228833
NLD,69T75,1.013333255511509,1.0280669069356108,1.0463416209228833
NLD,77T82,1.0145039246538303,1.028184485286203,1.0463416209228833
NLD,84,1.042196595206976,1.02837376250512,1.0463416209228833
NLD,85,1.0421591235914458,1.0272734117031384,1.0463416209228833
NLD,86T88,1.0447241530421676,1.0285803921144683,1.0463416209228833
NLD,90T93,1.033874733629295,1.0341699627782854,1.0463416209228833
NLD,94T98,1.038069470633065,1.0320874172841716,1.0463416209228833
NOR,01T02,0.9748631002288382,1.0384681740898827,1.0292542706888856
NOR,03,1.0295667647020184,1.0275869731796254,1.0292542706888856
NOR,05T06,0.9691595033777373,1.01975464570894,1.0292542706888856
NOR,07T08,1.0256175640881535,1.034253615897832,1.0292542706888856
NOR,10T12,1.036123950406685,1.0520834238895036,1.0292542706888856
NOR,13T15,1.0511334480437857,1.029762598780959,1.0292542706888856
NOR,16,1.0746970035197843,1.0446154482323542,1.0292542706888856
NOR,17T18,1.0317340348133024,1.039841990175028,1.0292542706888856
NOR,19,0.960487109547085,1.0513304609027718,1.0292542706888856
NOR,20,0.9073171815035704,1.0402293526994635,1.0292542706888856
NOR,21,0.9637679976618005,1.0293352743924535,1.0292542706888856
NOR,22,1.0655567688199998,1.0419963366722287,1.0292542706888856
NOR,23,1.0254448817802349,1.045380796759368,1.0292542706888856
NOR,24,0.978472079610725,1.062677647608645,1.0292542706888856
NOR,25,1.0324488410987367,1.045848438667186,1.0292542706888856
NOR,26,1.0331640461567517,1.026907398348323,1.0292542706888856
NOR,27,1.0365536313242882,1.0401986939088486,1.0292542706888856
NOR,28,1.027007364052634,1.0349368159040526,1.0292542706888856
NOR,29T30,1.0189346128884276,1.0371984456091194,1.0292542706888856
NOR,31T33,1.0358886682412833,1.0315036714507522,1.0292542706888856
NOR,35,1.0629140127840573,1.0171975788995564,1.0292542706888856
NOR,36T39,1.0188283673561145,1.0267740166002628,1.0292542706888856
NOR,41T43,1.0265100525201192,1.0296266212197716,1.0292542706888856
NOR,45T47,1.0179157618296983,1.0247376703320794,1.0292542706888856
NOR,49,1.0277327807682586,1.0332630616127279,1.0292542706888856
NOR,50,0.9009979901949183,1.057803226282451,1.0292542706888856
NOR,51,0.9249560859705397,1.037978577959037,1.0292542706888856
NOR,52,1.0128576206702549,1.030281964930187,1.0292542706888856
NOR,53,1.024437761477747,1.0250900700639591,1.0292542706888856
NOR,55T56,1.0306640652492762,1.026664143011541,1.0292542706888856
NOR,58T60,1.0181211688628047,1.0253890978329425,1.0292542706888856
NOR,61,1.0213589114427346,1.0185047748858318,1.0292542706888856
NOR,62T63,1.021010756856849,1.0194877133220899,1.0292542706888856
NOR,64T66,1.0190043636422972,1.0152969437641712,1.0292542706888856
NOR,68,1.0277336231239418,1.0179865349188164,1.0292542706888856
NOR,69T75,1.0163675385490467,1.0201387591838649,1.0292542706888856
NOR,77T82,1.0132140304631199,1.0262173041548013,1.0292542706888856
NOR,84,1.026960938479563,1.0223980286958103,1.0292542706888856
NOR,85,1.0289538034832042,1.0158177570056066,1.0292542706888856
NOR,86T88,1.0287198813705034,1.016837134433252,1.0292542706888856
NOR,90T93,1.027480162135211,1.0231203303394263,1.0292542706888856
NOR,94T98,1.026614927903046,1.0211899623506404,1.0292542706888856
NZL,01T02,0.7504454653046486,1.0475622689042574,1.0221454720593857
NZL,03,0.9654514618923616,1.017758340920519,1.0221454720593857
NZL,05T06,0.8756534838401099,1.030172602742727,1.0221454720593857
NZL,07T08,1.003850733838085,0.9961645902391577,1.0221454720593857
NZL,10T12,0.9489391960658071,1.0941721925384145,1.0221454720593857
NZL,13T15,1.019397702411016,1.0367441094097964,1.0221454720593857
NZL,16,1.0155676516532088,1.0507354384206138,1.0221454720593857
NZL,17T18,1.0052459174071715,1.0338534813199305,1.0221454720593857
NZL,19,0.9886148576348625,1.0562406316495112,1.0221454720593857
NZL,20,0.8403481014104599,1.0400179130893958,1.0221454720593857
NZL,21,0.9026342011067184,1.0286201608496675,1.0221454720593857
NZL,22,1.004167342454988,1.026604821125508,1.0221454720593857
NZL,23,1.0502781758657591,1.0197069474776577,1.0221454720593857
NZL,24,0.9606974301442919,1.0289046135750515,1.0221454720593857
NZL,25,1.0387419545318317,1.0332275486314442,1.0221454720593857
NZL,26,1.0354694226018497,1.017620003237277,1.0221454720593857
NZL,27,1.0790509407275797,1.0176713651152653,1.0221454720593857
NZL,28,1.032790848383228,1.028373672444891,1.0221454720593857
NZL,29T30,1.0689008854237416,1.0153260492377074,1.0221454720593857
NZL,31T33,1.0649250171405353,1.0153250302964403,1.0221454720593857
NZL,35,0.9640373768808214,1.024525807130931,1.0221454720593857
NZL,36T39,0.9945855941045303,1.0020178023403243,1.0221454720593857
NZL,41T43,1.0094361865161081,1.0177806093076183,1.0221454720593857
NZL,45T47,1.0066271768762791,1.0047069898102374,1.0221454720593857
NZL,49,0.9764855181157115,1.0134543233866318,1.0221454720593857
NZL,50,0.9159666158818559,1.015319443078701,1.0221454720593857
NZL,51,0.9442983857275892,1.0151828761036428,1.0221454720593857
NZL,52,0.9995423111384177,1.0008269330852642,1.0221454720593857
NZL,53,1.0095731354695083,1.0092706898625825,1.0221454720593857
NZL,55T56,1.0337384744794593,1.015527068185768,1.0221454720593857
NZL,58T60,1.024038013823139,1.004791579246728,1.0221454720593857
NZL,61,1.0256859482161556,1.0020174926857823,1.0221454720593857
NZL,62T63,1.0246005872194517,0.9977443718348415,1.0221454720593857
NZL,64T66,1.005308779315998,0.996337190467735,1.0221454720593857
NZL,68,1.0157862201210013,0.9982640658125764,1.0221454720593857
NZL,69T75,1.0022031045218593,1.0016915498139674,1.0221454720593857
NZL,77T82,0.9937958463457848,1.003101515991674,1.0221454720593857
NZL,84,1.018858843652701,1.002457031406135,1.0221454720593857
NZL,85,1.0200596438279435,0.9980923415723224,1.0221454720593857
NZL,86T88,1.021471416041354,1.0033558640042273,1.0221454720593857
NZL,90T93,1.0196706327763259,1.0059241667272287,1.0221454720593857
NZL,94T98,1.0110244435557294,1.0011090188629623,1.0221454720593857
PER,01T02,0.49880999829812417,1.046133081699041,1.057743999086164
PER,03,1.0150601743126957,1.0262526969554098,1.057743999086164
PER,05T06,0.9364453189284112,1.0298185078102884,1.057743999086164
PER,07T08,1.080895503769282,1.021925278490914,1.057743999086164
PER,10T12,1.0106792885126779,1.145435879767409,1.057743999086164
PER,13T15,1.0209346588931356,1.0528692825082386,1.057743999086164
PER,16,0.9605848351849192,1.0890110122649148,1.057743999086164
PER,17T18,1.054602065970383,1.0249077719566284,1.057743999086164
PER,19,1.0422041936202238,1.069281433036283,1.057743999086164
PER,20,1.0923940961367198,1.0364086536041501,1.057743999086164
PER,21,1.0669862358128026,1.0275839858051619,1.057743999086164
PER,22,0.9200877072296202,1.0427175515668254,1.057743999086164
PER,23,1.0399439075700032,1.0465146709952367,1.057743999086164
PER,24,1.4885545890693257,1.044580630629791,1.057743999086164
PER,25,1.076364521338287,1.0306755195743935,1.057743999086164
PER,26,1.0606309882906488,1.0248694156082483,1.057743999086164
PER,27,1.0810280286406455,1.0274741607328004,1.057743999086164
PER,28,1.0649773516458583,1.026984223960423,1.057743999086164
PER,29T30,1.0769712488014496,1.0227985217418445,1.057743999086164
PER,31T33,0.8855799269417152,1.0517276679788774,1.057743999086164
PER,35,0.9353477986019902,1.0340037510490008,1.057743999086164
PER,36T39,1.0754909483933652,1.0222070847984728,1.057743999086164
PER,41T43,1.0531021055622602,1.0363325674017059,1.057743999086164
PER,45T47,1.0326908537450448,1.0152743309964762,1.057743999086164
PER,49,1.0201611598759455,1.0269867374946733,1.057743999086164
PER,50,0.8897366940291959,1.0282475707848777,1.057743999086164
PER,51,1.055455096770199,1.0389295877945788,1.057743999086164
PER,52,1.0222847767316123,1.0248794821997305,1.057743999086164
PER,53,1.0302064202479075,1.0225724661376612,1.057743999086164
PER,55T56,1.0437903669841688,1.0545873256079565,1.057743999086164
PER,58T60,1.0552943735084974,1.0156290138458772,1.057743999086164
PER,61,1.0557121081870078,1.0161599138032196,1.057743999086164
PER,62T63,1.0578244856525385,1.0122194226899677,1.057743999086164
PER,64T66,1.0681247895665011,1.0114244360329634,1.057743999086164
PER,68,1.0519771055476181,1.0102850114677873,1.057743999086164
PER,69T75,1.0505131605470721,1.0153664827596105,1.057743999086164
PER,77T82,1.0699778023636817,1.0133163914522283,1.057743999086164
PER,84,1.0494316329838556,1.020466386799762,1.057743999086164
PER,85,1.0562611430754756,1.0104719226851286,1.057743999086164
PER,86T88,1.054509889271802,1.0143345060117526,1.057743999086164
PER,90T93,1.0499315287906086,1.0288600669567276,1.057743999086164
PER,94T98,1.0560740118542793,1.013586409491721,1.057743999086164
PHL,01T02,0.92601883190878,1.024758621422022,1.0438219904763966
PHL,03,1.029522743795999,1.0152112029379483,1.0438219904763966
PHL,05T06,0.7090482084134068,1.015656658808786,1.0438219904763966
PHL,07T08,0.9088262746072447,1.0166231102268668,1.0438219904763966
PHL,10T12,1.040270132629686,1.0541867718429574,1.0438219904763966
PHL,13T15,1.0521823904374457,1.0309616531005403,1.0438219904763966
PHL,16,1.0176942573085095,1.0521202927770104,1.0438219904763966
PHL,17T18,0.8537241368315448,1.059573809945214,1.0438219904763966
PHL,19,0.980491345094828,1.0547564647196535,1.0438219904763966
PHL,20,1.0820193440835923,1.0412897163675474,1.0438219904763966
PHL,21,1.0108940969009703,1.044981516546037,1.0438219904763966
PHL,22,1.0749990735766062,1.0488048181562857,1.0438219904763966
PHL,23,0.7181451969939885,1.055749055724101,1.0438219904763966
PHL,24,1.1919937509225338,1.070726461844724,1.0438219904763966
PHL,25,1.0430396650792493,1.0685544297728835,1.0438219904763966
PHL,26,1.022993262770639,1.0397449650541624,1.0438219904763966
PHL,27,1.0608145467826349,1.0372760806344423,1.0438219904763966
PHL,28,1.0342060035543534,1.042086252742742,1.0438219904763966
PHL,29T30,1.0253035547550766,1.0431296175632956,1.0438219904763966
PHL,31T33,1.0450313278539693,1.0415834439020477,1.0438219904763966
PHL,35,0.7785715651036657,1.0428412598372243,1.0438219904763966
PHL,36T39,1.027608342471832,1.032320162587721,1.0438219904763966
PHL,41T43,1.0314393984914565,1.0606395433429103,1.0438219904763966
PHL,45T47,1.0117932122026094,1.02732897678206,1.0438219904763966
PHL,49,0.9769299672418891,1.036124180463459,1.0438219904763966
PHL,50,0.7681163547454801,1.0274924269649217,1.0438219904763966
PHL,51,0.8815064623159606,1.0337240530814005,1.0438219904763966
PHL,52,1.0013699967937202,1.0271665786417712,1.0438219904763966
PHL,53,1.0291774526430761,1.022642787464817,1.0438219904763966
PHL,55T56,1.0274820730262282,1.0434320222993252,1.0438219904763966
PHL,58T60,0.9710540904401639,1.0416507723819717,1.0438219904763966
PHL,61,1.0310299671159895,1.020072454409259,1.0438219904763966
PHL,62T63,0.9863332467033683,1.0251853857318687,1.0438219904763966
PHL,64T66,1.0125648385406896,1.012038175470681,1.0438219904763966
PHL,68,1.03574438721312,1.0154726861447079,1.0438219904763966
PHL,69T75,1.0079883474618303,1.0210492662763897,1.0438219904763966
PHL,77T82,1.0122594815965182,1.021676285977174,1.0438219904763966
PHL,84,1.0391563119218157,1.0135408485529576,1.0438219904763966
PHL,85,1.0329839207097395,1.0136452604500692,1.0438219904763966
PHL,86T88,1.0330609207190669,1.030472432644764,1.0438219904763966
PHL,90T93,1.0258788109992971,1.0297482363154804,1.0438219904763966
PHL,94T98,1.0353130606804677,1.0262040945962174,1.0438219904763966
POL,01T02,0.8512567363353729,1.058607474645524,1.0465975673634809
POL,03,0.999307677074674,1.0298739641727344,1.0465975673634809
POL,05T06,0.613655645485209,1.029429083569711,1.0465975673634809
POL,07T08,0.918101768905996,1.05203231602379,1.0465975673634809
POL,10T12,1.0036816892609868,1.0674054229719236,1.0465975673634809
POL,13T15,1.0409285092960079,1.0318029373924325,1.0465975673634809
POL,16,0.9984189471226723,1.0573412949719871,1.0465975673634809
POL,17T18,1.0149352580688966,1.040923172934407,1.0465975673634809
POL,19,0.9291551988017783,1.0560732073856363,1.0465975673634809
POL,20,0.8457107281666754,1.057375553759135,1.0465975673634809
POL,21,0.9961261420532578,1.016780660128648,1.0465975673634809
POL,22,1.0365180562755438,1.0487230003471897,1.0465975673634809
POL,23,0.8896221577136182,1.0625173371543735,1.0465975673634809
POL,24,0.9073555800827994,1.0853015316687373,1.0465975673634809
POL,25,1.028986260793444,1.0474335574872735,1.0465975673634809
POL,26,1.0295613949506053,1.036160367557929,1.0465975673634809
POL,27,1.0325555700150857,1.0451820948605035,1.0465975673634809
POL,28,1.0232623891271377,1.0413128096638729,1.0465975673634809
POL,29T30,1.0333687509341314,1.0377840304710215,1.0465975673634809
POL,31T33,1.0515991325047909,1.0340659386307969,1.0465975673634809
POL,35,0.6891763972793769,1.05419370272546,1.0465975673634809
POL,36T39,1.0063111576851502,1.0355925233054366,1.0465975673634809
POL,41T43,1.0185607637056808,1.0357144280689654,1.0465975673634809
POL,45T47,1.0170577339164468,1.0194065959984746,1.0465975673634809
POL,49,0.95819473209056,1.0308728943516534,1.0465975673634809
POL,50,1.0660486514238436,1.0276238342475825,1.0465975673634809
POL,51,1.0624328627582236,1.0298404487777484,1.0465975673634809
POL,52,1.0051744246353154,1.0302815466026345,1.0465975673634809
POL,53,1.027962843901688,1.0234947945427546,1.0465975673634809
POL,55T56,1.0330944805668443,1.03383162657068,1.0465975673634809
POL,58T60,1.0407723618076101,1.0180235286808486,1.0465975673634809
POL,61,1.0340689110213939,1.0186557771810794,1.0465975673634809
POL,62T63,1.0365102223958047,1.0111215970832885,1.0465975673634809
POL,64T66,1.0237610235006,1.0132604970614918,1.0465975673634809
POL,68,1.0270561477380868,1.0604743872879263,1.0465975673634809
POL,69T75,1.027206416572269,1.0141906971559422,1.0465975673634809
POL,77T82,1.015033207250097,1.0241622068101248,1.0465975673634809
POL,84,1.0422262628116965,1.0120257510477455,1.0465975673634809
POL,85,1.0433548335468275,1.0152895143521354,1.0465975673634809
POL,86T88,1.043130952881487,1.0214605553990916,1.0465975673634809
POL,90T93,1.0385563308428016,1.0316068305318957,1.0465975673634809
POL,94T98,1.034388565749639,1.020173567722258,1.0465975673634809
PRT,01T02,1.0096867033129173,1.0500119803543997,1.0438990288703192
PRT,03,0.9878161648005697,1.0341838394088763,1.0438990288703192
PRT,05T06,0.3756624455421082,1.0535346763431914,1.0438990288703192
PRT,07T08,0.9776318641070979,1.0467449914757048,1.0438990288703192
PRT,10T12,1.0211565145601813,1.0662897381854892,1.0438990288703192
PRT,13T15,1.024493173590269,1.035534078309652,1.0438990288703192
PRT,16,1.005089850824959,1.059122168239263,1.0438990288703192
PRT,17T18,0.9776724854991998,1.05664479078494,1.0438990288703192
PRT,19,0.9625508865554422,1.07545576057094,1.0438990288703192
PRT,20,0.9640834658260364,1.061591650016012,1.0438990288703192
PRT,21,1.012206105491768,1.038910235117524,1.0438990288703192
PRT,22,1.0346157528891609,1.0514712133337614,1.0438990288703192
PRT,23,0.8878619821328655,1.0588811392563946,1.0438990288703192
PRT,24,1.1459953706130461,1.0654466840975727,1.0438990288703192
PRT,25,1.0262418878579462,1.0482481015636542,1.0438990288703192
PRT,26,1.0258586777624203,1.0375904594173102,1.0438990288703192
PRT,27,1.02410006227379,1.0503318770460084,1.0438990288703192
PRT,28,1.0171613508568773,1.0472535584987372,1.0438990288703192
PRT,29T30,1.0306430852533994,1.0413967477491672,1.0438990288703192
PRT,31T33,1.0351485506706726,1.0396628827480534,1.0438990288703192
PRT,35,0.8924214972972108,1.1060862731521959,1.0438990288703192
PRT,36T39,1.0495192019071116,1.0409924414240563,1.0438990288703192
PRT,41T43,1.034399584937158,1.0482528525447519,1.0438990288703192
PRT,45T47,1.0186835524110687,1.0307054690524011,1.0438990288703192
PRT,49,0.9552811685483141,1.0390024138872918,1.0438990288703192
PRT,50,0.843889030613315,1.0406324009224461,1.0438990288703192
PRT,51,0.9694006129029742,1.0403546158397858,1.0438990288703192
PRT,52,1.011775190578087,1.0297774425942063,1.0438990288703192
PRT,53,1.0287421048969216,1.0272836969024062,1.0438990288703192
PRT,55T56,1.0298946201653811,1.0385067887074595,1.0438990288703192
PRT,58T60,1.0210858421417994,1.0303422859781068,1.0438990288703192
PRT,61,1.0291888276159504,1.0288840075131203,1.0438990288703192
PRT,62T63,1.0229041985063538,1.0259283089877353,1.0438990288703192
PRT,64T66,1.0282227763128382,1.023935649300322,1.0438990288703192
PRT,68,1.0409074087837265,1.0234670682669318,1.0438990288703192
PRT,69T75,1.0191914278869048,1.0276520691068172,1.0438990288703192
PRT,77T82,1.0178903304418936,1.027468926850463,1.0438990288703192
PRT,84,1.0393839872073403,1.028458962370909,1.0438990288703192
PRT,85,1.0419165719380465,1.0243692691495119,1.0438990288703192
PRT,86T88,1.0410727207574555,1.0315360446133213,1.0438990288703192
PRT,90T93,1.0348280115703132,1.0315862428546063,1.0438990288703192
PRT,94T98,1.0394451187411695,1.0298595551643044,1.0438990288703192
ROU,01T02,0.931191866465764,1.0499418931492555,1.0427770876159788
ROU,03,1.0420734178011348,1.038402316446221,1.0427770876159788
ROU,05T06,0.7929697508954396,1.0382294652340727,1.0427770876159788
ROU,07T08,0.8711454702733834,1.039942108797385,1.0427770876159788
ROU,10T12,1.038357491390263,1.0553607123489774,1.0427770876159788
ROU,13T15,1.045528652868815,1.030464843659076,1.0427770876159788
ROU,16,1.0104590945169274,1.0548271592424097,1.0427770876159788
ROU,17T18,1.0195646726073615,1.03924638343733,1.0427770876159788
ROU,19,0.9746911237344792,1.0610467399934085,1.0427770876159788
ROU,20,0.620190973460329,1.0631545644928957,1.0427770876159788
ROU,21,0.8830992616185789,1.0356827785584566,1.0427770876159788
ROU,22,1.0323070272540518,1.049497477190757,1.0427770876159788
ROU,23,0.7967145363342062,1.0503426061005374,1.0427770876159788
ROU,24,0.8989807495072276,1.0609435438079744,1.0427770876159788
ROU,25,0.9987406457951643,1.0467395769934942,1.0427770876159788
ROU,26,1.0286731043657493,1.0367621477462579,1.0427770876159788
ROU,27,1.0352086909981857,1.0416788651965418,1.0427770876159788
ROU,28,1.0147582411932492,1.0477356208548492,1.0427770876159788
ROU,29T30,1.0222342081275324,1.0418588659597676,1.0427770876159788
ROU,31T33,1.0524147829162593,1.0351365156191452,1.0427770876159788
ROU,35,0.8740614350402718,1.0645760340668362,1.0427770876159788
ROU,36T39,1.0325204506545593,1.0357943634441809,1.0427770876159788
ROU,41T43,1.032848589307183,1.0549557950364605,1.0427770876159788
ROU,45T47,1.0135104630075096,1.0279501369625894,1.0427770876159788
ROU,49,1.0160306637071115,1.0316919749173608,1.0427770876159788
ROU,50,1.0959993727833401,1.0280176593771084,1.0427770876159788
ROU,51,1.0246062817963906,1.034607242276631,1.0427770876159788
ROU,52,1.0142468970500949,1.0277156003173193,1.0427770876159788
ROU,53,1.0222949868369304,1.027435179765709,1.0427770876159788
ROU,55T56,1.0320533453125382,1.028933515937102,1.0427770876159788
ROU,58T60,1.0328697671229032,1.0225997565558214,1.0427770876159788
ROU,61,1.0265061272716178,1.0288210446563335,1.0427770876159788
ROU,62T63,1.0169418174001457,1.0200761135202883,1.0427770876159788
ROU,64T66,1.0154407540181014,1.0176910159556705,1.0427770876159788
ROU,68,1.0359637438313778,1.0159125989104267,1.0427770876159788
ROU,69T75,1.014959470619579,1.0255286799062815,1.0427770876159788
ROU,77T82,1.0177795836012504,1.0253476776900052,1.0427770876159788
ROU,84,1.0392456970902155,1.0149438805706228,1.0427770876159788
ROU,85,1.0361061319086544,1.0159498442999562,1.0427770876159788
ROU,86T88,1.039178900308536,1.0215922502164367,1.0427770876159788
ROU,90T93,1.0378725575489187,1.024717884126547,1.0427770876159788
ROU,94T98,1.033528706842921,1.0247874857790615,1.0427770876159788
ROW,01T02,0.9699242851392812,0.9960761608963491,0.9932285680194081
ROW,03,1.0051720416280128,0.9964993840113018,0.9932285680194081
ROW,05T06,0.8781307791389505,0.9948968856812448,0.9932285680194081
ROW,07T08,1.0541812161546704,0.9959379965763248,0.9932285680194081
ROW,10T12,1.056393837335369,0.9989155236638346,0.9932285680194081
ROW,13T15,1.0774934219932986,1.0015411166158459,0.9932285680194081
ROW,16,1.083336077502511,0.9993293485311782,0.9932285680194081
ROW,17T18,1.053210758978339,1.0017499677548047,0.9932285680194081
ROW,19,1.046167942788373,0.995735304871074,0.9932285680194081
ROW,20,1.0085631179010885,1.0025986972498138,0.9932285680194081
ROW,21,1.0405626457370587,1.00116139748583,0.9932285680194081
ROW,22,0.9926925075086145,1.0064024905301594,0.9932285680194081
ROW,23,1.0076868697564005,0.9992398693655845,0.9932285680194081
ROW,24,1.2615137095958544,1.0057057957155073,0.9932285680194081
ROW,25,1.0897871329701174,1.0068120537679877,0.9932285680194081
ROW,26,1.0275751556015742,1.005909398849369,0.9932285680194081
ROW,27,1.0617434009606692,1.0087379038560123,0.9932285680194081
ROW,28,1.0473547984812954,1.0074134625781983,0.9932285680194081
ROW,29T30,1.0545191811530215,1.0067290605972992,0.9932285680194081
ROW,31T33,0.9460523399065288,1.0033552575673452,0.9932285680194081
ROW,35,1.001906725414822,0.9959645907311577,0.9932285680194081
ROW,36T39,1.0127016974281589,0.9972755431291168,0.9932285680194081
ROW,41T43,0.9942276151685627,1.0016215621358313,0.9932285680194081
ROW,45T47,1.0142386116313122,0.9960539735285273,0.9932285680194081
ROW,49,1.006286287038561,0.9980450899174702,0.9932285680194081
ROW,50,1.0591787903959469,1.0018380486305152,0.9932285680194081
ROW,51,0.9463446321348594,1.000601436706688,0.9932285680194081
ROW,52,1.0268264759111407,0.9980530102961735,0.9932285680194081
ROW,53,1.0159573956266357,0.9966111595433316,0.9932285680194081
ROW,55T56,1.0260603873204988,0.9977391614972689,0.9932285680194081
ROW,58T60,1.028370323863633,0.9978366955264459,0.9932285680194081
ROW,61,1.0025124942281274,0.9966341623835553,0.9932285680194081
ROW,62T63,1.017270360217919,0.9963644298993263,0.9932285680194081
ROW,64T66,1.0164918330824488,0.9954257701206392,0.9932285680194081
ROW,68,0.9996044282761681,0.9944587347713355,0.9932285680194081
ROW,69T75,1.0242537121617268,0.996112547691511,0.9932285680194081
ROW,77T82,1.0172992980836413,0.9965770391300232,0.9932285680194081
ROW,84,0.9941094167602844,0.9963277785968399,0.9932285680194081
ROW,85,0.995041402603697,0.9955287137890659,0.9932285680194081
ROW,86T88,0.994852316696799,0.9972119663230051,0.9932285680194081
ROW,90T93,1.0085697217497316,0.9969926867121449,0.9932285680194081
ROW,94T98,0.9975228129953105,0.9973416052172588,0.9932285680194081
RUS,01T02,0.8684502459479442,0.9914008137033992,0.979213671263803
RUS,03,0.9650094910079945,0.9664393725927326,0.979213671263803
RUS,05T06,0.8215278304780611,0.9550739717227424,0.979213671263803
RUS,07T08,0.8615882262821938,0.9747132175774653,0.979213671263803
RUS,10T12,0.9804913077575615,1.0240160792135726,0.979213671263803
RUS,13T15,1.1274650808923943,0.9823157943212882,0.979213671263803
RUS,16,0.8393245211198563,1.0256314793665067,0.979213671263803
RUS,17T18,0.9837369243891061,1.010343210712971,0.979213671263803
RUS,19,0.8994279288240163,0.9918922817892364,0.979213671263803
RUS,20,0.6611732075440536,1.0347356191583628,0.979213671263803
RUS,21,0.9898052889355052,0.9793346942291502,0.979213671263803
RUS,22,0.9070258961019452,1.0543430721550109,0.979213671263803
RUS,23,0.7204876779298846,1.0637576148213614,0.979213671263803
RUS,24,0.6165331427024786,1.0610182413170506,0.979213671263803
RUS,25,0.9364144508471166,1.0483592483545117,0.979213671263803
RUS,26,1.0159827654186373,0.9846331348492011,0.979213671263803
RUS,27,0.9555984810735062,1.044827235884573,0.979213671263803
RUS,28,0.9577035239453132,1.0311515283466604,0.979213671263803
RUS,29T30,0.998490926254273,1.0085064383095808,0.979213671263803
RUS,31T33,0.9653249310554709,1.0017079328966185,0.979213671263803
RUS,35,0.5657428344847476,1.1154888502347327,0.979213671263803
RUS,36T39,0.8495526551720419,1.0438011680569101,0.979213671263803
RUS,41T43,0.954673907339657,1.0025675013903799,0.979213671263803
RUS,45T47,0.9796265373463886,0.9575984627862812,0.979213671263803
RUS,49,0.8389831740318855,0.9781001132564342,0.979213671263803
RUS,50,0.7118518495259128,0.9713321980975328,0.979213671263803
RUS,51,0.9147555938460026,0.9894798744346819,0.979213671263803
RUS,52,0.9267885343332628,0.9807124805094507,0.979213671263803
RUS,53,0.9976082890381536,0.961884117454319,0.979213671263803
RUS,55T56,1.0296830767252054,0.9731772787245602,0.979213671263803
RUS,58T60,1.1100509828125982,0.9541135139343416,0.979213671263803
RUS,61,0.9973367886199007,0.9550479108224951,0.979213671263803
RUS,62T63,1.0738503115969036,0.9408682902260047,0.979213671263803
RUS,64T66,0.969812768104288,0.9310721148046543,0.979213671263803
RUS,68,0.9712610243179157,0.9514577123909337,0.979213671263803
RUS,69T75,0.9998850548060484,0.9502692953380498,0.979213671263803
RUS,77T82,0.9323326633940461,0.9450166556058403,0.979213671263803
RUS,84,0.9755190790177728,0.9532385681036898,0.979213671263803
RUS,85,0.9798566570713378,0.9451931725976506,0.979213671263803
RUS,86T88,0.9779214440662284,0.9581710431407768,0.979213671263803
RUS,90T93,0.9889100208815875,0.9567158208688611,0.979213671263803
RUS,94T98,0.9871819324058122,0.9403643273224064,0.979213671263803
SAU,01T02,1.058840335918279,0.9830816903623585,0.9858652194363773
SAU,03,0.9833896487342844,0.9950871960906805,0.9858652194363773
SAU,05T06,0.9287509929050258,0.9472751831860357,0.9858652194363773
SAU,07T08,0.9896204789303872,0.9559090951990797,0.9858652194363773
SAU,10T12,1.0220617259558706,0.9931018681598531,0.9858652194363773
SAU,13T15,1.0192246772749927,1.004079056684389,0.9858652194363773
SAU,16,0.8041328712735104,1.014343603578268,0.9858652194363773
SAU,17T18,0.9687601972698843,1.0170242169603427,0.9858652194363773
SAU,19,0.9463013910367467,0.9851353248329806,0.9858652194363773
SAU,20,0.8029628684497941,0.990541795395573,0.9858652194363773
SAU,21,0.9297929416249929,1.0044294241016298,0.9858652194363773
SAU,22,0.2902701054121787,1.0298583070290546,0.9858652194363773
SAU,23,0.7950999669342358,1.0117602683780873,0.9858652194363773
SAU,24,1.2083163026340336,1.0051015929565716,0.9858652194363773
SAU,25,1.0093881838768823,1.0041116595751476,0.9858652194363773
SAU,26,0.9952479665383107,1.0067865983979618,0.9858652194363773
SAU,27,0.9987585272323009,1.0181837946476795,0.9858652194363773
SAU,28,0.976456358565489,1.0103312351182063,0.9858652194363773
SAU,29T30,1.0793732358382764,1.0020285872010901,0.9858652194363773
SAU,31T33,0.34870186000492076,1.0131143199500827,0.9858652194363773
SAU,35,0.5305627751782439,0.9911426098844258,0.9858652194363773
SAU,36T39,0.9537983010648685,0.9903765171328582,0.9858652194363773
SAU,41T43,0.9534173651794338,1.0148766965104183,0.9858652194363773
SAU,45T47,0.9675883414567465,0.9881591937241572,0.9858652194363773
SAU,49,0.7298740028478151,0.989864941542888,0.9858652194363773
SAU,50,0.781943322814135,1.0000381034747285,0.9858652194363773
SAU,51,0.9355344302789579,1.0081500901836071,0.9858652194363773
SAU,52,0.9597013416183923,1.0039010602318295,0.9858652194363773
SAU,53,0.8978903253786169,1.0180572366863825,0.9858652194363773
SAU,55T56,1.010915182048285,0.9981240966906892,0.9858652194363773
SAU,58T60,1.0725533740198452,0.9891605216391758,0.9858652194363773
SAU,61,0.9590909136993164,0.9905020757507574,0.9858652194363773
SAU,62T63,0.9926353609960907,0.9907639362583015,0.9858652194363773
SAU,64T66,1.015598999967938,0.9570790805838146,0.9858652194363773
SAU,68,0.9860457416866806,0.9551368306187563,0.9858652194363773
SAU,69T75,0.9481457856150641,1.024617075544303,0.9858652194363773
SAU,77T82,0.9430637665701375,1.0350175634255372,0.9858652194363773
SAU,84,0.9790225016831845,0.9559221234202389,0.9858652194363773
SAU,85,0.9844004286194649,0.9581844892968169,0.9858652194363773
SAU,86T88,0.9729523822680135,0.9860170462259695,0.9858652194363773
SAU,90T93,0.9960438140509027,0.967042135187485,0.9858652194363773
SAU,94T98,0.9772504598473883,0.9605193027283064,0.9858652194363773
SGP,01T02,0.7808730818316549,1.0238301664301603,1.044005245674073
SGP,03,0.9563851867551981,1.0259571406389854,1.044005245674073
SGP,05T06,0.8098382397667492,1.0099914639289922,1.044005245674073
SGP,07T08,0.9949951140473958,1.0242971494105297,1.044005245674073
SGP,10T12,0.955694978915145,1.1065175939604397,1.044005245674073
SGP,13T15,0.9040406472417738,1.0696372486924564,1.044005245674073
SGP,16,0.9369020177768063,1.0889818467543015,1.044005245674073
SGP,17T18,1.0070077571883613,1.0543598425905931,1.044005245674073
SGP,19,0.9779407701055493,1.0633940370243686,1.044005245674073
SGP,20,0.9454395202234088,1.0522068176970256,1.044005245674073
SGP,21,1.0852912138288688,1.0076663072580991,1.044005245674073
SGP,22,0.7052005141614648,1.0960139538294007,1.044005245674073
SGP,23,0.9829313812013613,1.086516067468387,1.044005245674073
SGP,24,1.2235749479801705,1.0838553923051546,1.044005245674073
SGP,25,1.0130228121684597,1.0644598293802041,1.044005245674073
SGP,26,1.023236396636023,1.0371873379831813,1.044005245674073
SGP,27,1.0290186206153218,1.052990650453197,1.044005245674073
SGP,28,1.0437748047823143,1.0329136037380697,1.044005245674073
SGP,29T30,1.0178396857496046,1.0375175729027435,1.044005245674073
SGP,31T33,0.888006643091899,1.0367530889770566,1.044005245674073
SGP,35,0.6382621920617227,1.0950074656971427,1.044005245674073
SGP,36T39,1.0015207398622816,1.0328810228933372,1.044005245674073
SGP,41T43,1.025805282613209,1.0450026197161988,1.044005245674073
SGP,45T47,0.9789542229288383,1.0230471915260162,1.044005245674073
SGP,49,0.9544124964939221,1.0250005144811036,1.044005245674073
SGP,50,0.7986129963387981,1.0749597589577904,1.044005245674073
SGP,51,0.8668856023965206,1.0343745605956343,1.044005245674073
SGP,52,0.9733212882490535,1.021982596032738,1.044005245674073
SGP,53,0.9957411652548656,1.0212658088963096,1.044005245674073
SGP,55T56,1.0162047976348145,1.0389830853799593,1.044005245674073
SGP,58T60,1.026643762024391,1.0166293245105267,1.044005245674073
SGP,61,1.0371105391170885,1.0102098973322202,1.044005245674073
SGP,62T63,1.0192751838473002,1.0100984009409164,1.044005245674073
SGP,64T66,1.0357935306947859,0.9970874962002285,1.044005245674073
SGP,68,1.0276334702558583,1.0003354475691764,1.044005245674073
SGP,69T75,1.0393466910173195,1.0064870125612297,1.044005245674073
SGP,77T82,1.0211763505045772,1.0020950054548519,1.044005245674073
SGP,84,1.0405488466810486,1.0168516302541717,1.044005245674073
SGP,85,1.0430544883390236,1.004629622562076,1.044005245674073
SGP,86T88,1.0422201836332488,1.0110905282334433,1.044005245674073
SGP,90T93,1.0321459355233424,1.0162678067007707,1.044005245674073
SGP,94T98,1.0439213558026759,0.9880859640195797,1.044005245674073
SVK,01T02,1.0760608834741006,1.0465638595865816,1.0451602001278437
SVK,03,1.0035418670087144,1.0428899325012972,1.0451602001278437
SVK,05T06,0.49496310199289817,1.0334698629312058,1.0451602001278437
SVK,07T08,0.8335998990175997,1.0473157299967781,1.0451602001278437
SVK,10T12,1.0435832764478457,1.051895810208017,1.0451602001278437
SVK,13T15,1.0338828385693646,1.0355418672226007,1.0451602001278437
SVK,16,1.064610839206817,1.0372951864216866,1.0451602001278437
SVK,17T18,1.0190492778073392,1.0456918276165448,1.0451602001278437
SVK,19,0.9430486598966423,1.0560425976686194,1.0451602001278437
SVK,20,0.6630313679437538,1.0551330774594654,1.0451602001278437
SVK,21,0.8486521811978347,1.0401243335725792,1.0451602001278437
SVK,22,1.0337530662781154,1.05195264188458,1.0451602001278437
SVK,23,0.7534888973637595,1.065366778073354,1.0451602001278437
SVK,24,0.57113116647286,1.0767276286495666,1.0451602001278437
SVK,25,1.0277418447038607,1.048028379758117,1.0451602001278437
SVK,26,1.0325059393904994,1.0363899674665717,1.0451602001278437
SVK,27,1.039465795521504,1.042844578183913,1.0451602001278437
SVK,28,1.0131820624417358,1.0508281122610967,1.0451602001278437
SVK,29T30,1.0322088413082822,1.038056730610248,1.0451602001278437
SVK,31T33,1.0829335312464086,1.0362398149215652,1.0451602001278437
SVK,35,1.0093209865878732,1.0708678637132913,1.0451602001278437
SVK,36T39,1.0219314229080585,1.0302936664768196,1.0451602001278437
SVK,41T43,1.0338698172778995,1.0350046731654943,1.0451602001278437
SVK,45T47,1.012284743627421,1.0292215673927976,1.0451602001278437
SVK,49,0.9885527352475927,1.0296464573794395,1.0451602001278437
SVK,50,1.1090103031707041,1.046368174988045,1.0451602001278437
SVK,51,1.1359122656252052,1.054501900203582,1.0451602001278437
SVK,52,1.0010463844377948,1.0355897361095907,1.0451602001278437
SVK,53,1.0300744233846293,1.0248209682163283,1.0451602001278437
SVK,55T56,1.0378308076760534,1.0319624411268966,1.0451602001278437
SVK,58T60,1.031977432561528,1.0252182459866395,1.0451602001278437
SVK,61,1.036283549101319,1.0216765935676584,1.0451602001278437
SVK,62T63,1.0197295675891804,1.0211540861199804,1.0451602001278437
SVK,64T66,1.0300178823793362,1.0196438209379517,1.0451602001278437
SVK,68,1.0368758784554188,1.0204732254292836,1.0451602001278437
SVK,69T75,1.0126024467918568,1.0307391541654123,1.0451602001278437
SVK,77T82,1.0223839716972196,1.0268908112921247,1.0451602001278437
SVK,84,1.0407967420767965,1.021099884010579,1.0451602001278437
SVK,85,1.0419887651411137,1.0223797748907526,1.0451602001278437
SVK,86T88,1.0424296690932928,1.025663505646992,1.0451602001278437
SVK,90T93,1.0388581844767182,1.0281380883864786,1.0451602001278437
SVK,94T98,1.0367434405142184,1.0270929177656354,1.0451602001278437
SVN,01T02,0.8672962793796648,1.0495143576549717,1.0451373049488175
SVN,03,1.0588172649952667,1.0356338327294943,1.0451373049488175
SVN,05T06,0.5733136196129266,1.0352060050160758,1.0451373049488175
SVN,07T08,0.905007582737436,1.0496111558764962,1.0451373049488175
SVN,10T12,1.0340124267600652,1.054070552462733,1.0451373049488175
SVN,13T15,1.036665084612696,1.0322138173324609,1.0451373049488175
SVN,16,0.9308031479835527,1.0563312741769155,1.0451373049488175
SVN,17T18,0.9688953057689406,1.0461990422307632,1.0451373049488175
SVN,19,0.011104765924200745,1.0458946483290885,1.0451373049488175
SVN,20,1.0767951099810107,1.05116800379738,1.0451373049488175
SVN,21,1.0408098097841891,1.028406406018369,1.0451373049488175
SVN,22,1.0623053818672898,1.0427566090803275,1.0451373049488175
SVN,23,0.7597555034464218,1.0528432901508809,1.0451373049488175
SVN,24,1.177417342317146,1.0646582432985765,1.0451373049488175
SVN,25,1.0544732955993974,1.0424504712093623,1.0451373049488175
SVN,26,1.0340840051039575,1.0314237671212947,1.0451373049488175
SVN,27,1.0311571889451496,1.0449113705265753,1.0451373049488175
SVN,28,1.0228602344755173,1.0440389541718231,1.0451373049488175
SVN,29T30,1.0326381280391377,1.0421788415810445,1.0451373049488175
SVN,31T33,1.0547144178195624,1.0370800883661266,1.0451373049488175
SVN,35,0.7537717523481662,1.0529361906175205,1.0451373049488175
SVN,36T39,1.0437244207440262,1.0411969319178023,1.0451373049488175
SVN,41T43,1.0308872255107249,1.043273955037866,1.0451373049488175
SVN,45T47,1.0216672373772808,1.029329019592178,1.0451373049488175
SVN,49,0.9737159385836798,1.035242560795696,1.0451373049488175
SVN,50,0.6731434627221404,1.0735761107737871,1.0451373049488175
SVN,51,1.1083705797364116,1.0359952390907026,1.0451373049488175
SVN,52,1.0145765343233157,1.0349705851348008,1.0451373049488175
SVN,53,1.021328470900985,1.0268022603669542,1.0451373049488175
SVN,55T56,1.033715448343645,1.0354546439585879,1.0451373049488175
SVN,58T60,1.019898126226766,1.0254441312175278,1.0451373049488175
SVN,61,1.030829458181915,1.0231487836069948,1.0451373049488175
SVN,62T63,1.0193125711307727,1.0225939739189553,1.0451373049488175
SVN,64T66,1.0255387699943053,1.0219086920086697,1.0451373049488175
SVN,68,1.0430976395957936,1.021600049845441,1.0451373049488175
SVN,69T75,1.0196385869028555,1.027749508695377,1.0451373049488175
SVN,77T82,1.0212097978635915,1.0282151794345082,1.0451373049488175
SVN,84,1.0412288492441582,1.0246782152293274,1.0451373049488175
SVN,85,1.0408778270785957,1.0244098712288063,1.0451373049488175
SVN,86T88,1.042820501509559,1.0258771771632582,1.0451373049488175
SVN,90T93,1.0402473948875228,1.028829868293722,1.0451373049488175
SVN,94T98,1.0334555859071504,1.0274510211584056,1.0451373049488175
SWE,01T02,0.7530242621381541,1.0896087888940023,1.0406329826433502
SWE,03,0.9735752339646746,1.0342198714758604,1.0406329826433502
SWE,05T06,0.8739156456133369,1.0439324596213257,1.0406329826433502
SWE,07T08,1.0778864990418653,1.0342453198509927,1.0406329826433502
SWE,10T12,1.0220151586474215,1.0630682934689175,1.0406329826433502
SWE,13T15,1.0229589412781102,1.0378927495823054,1.0406329826433502
SWE,16,0.9487932512409952,1.0977655483272268,1.0406329826433502
SWE,17T18,0.9664602069791205,1.0650839145514088,1.0406329826433502
SWE,19,1.017039403041948,1.0591366384225556,1.0406329826433502
SWE,20,0.9363757209491117,1.0437022975366406,1.0406329826433502
SWE,21,1.0474387673178571,1.0336978686965212,1.0406329826433502
SWE,22,1.0699444595750498,1.0441337808993472,1.0406329826433502
SWE,23,1.0157174299112257,1.049102175932053,1.0406329826433502
SWE,24,1.2043808572134458,1.0508784952072394,1.0406329826433502
SWE,25,1.0495996370674212,1.0462259810222851,1.0406329826433502
SWE,26,1.0341149020387121,1.032377865088676,1.0406329826433502
SWE,27,1.0460904186688478,1.040372946629913,1.0406329826433502
SWE,28,1.0363554916444877,1.035284994662661,1.0406329826433502
SWE,29T30,1.0382493079149826,1.0361371644569506,1.0406329826433502
SWE,31T33,1.038018991305963,1.0382773771753264,1.0406329826433502
SWE,35,1.042415726644379,1.037110629328262,1.0406329826433502
SWE,36T39,1.0520971211143788,1.0340276326335982,1.0406329826433502
SWE,41T43,1.0344967034058707,1.0388264094752515,1.0406329826433502
SWE,45T47,1.0209499975497274,1.029242434253615,1.0406329826433502
SWE,49,1.0156610399686052,1.0339065495059305,1.0406329826433502
SWE,50,0.7849675320720064,1.0443690416484601,1.0406329826433502
SWE,51,0.9754654773699695,1.0384768608965085,1.0406329826433502
SWE,52,1.010879155046225,1.0386668838903461,1.0406329826433502
SWE,53,1.0225405995717354,1.0292505883391017,1.0406329826433502
SWE,55T56,1.0304527098442442,1.037154016198141,1.0406329826433502
SWE,58T60,1.0194391511561354,1.0280941458985104,1.0406329826433502
SWE,61,1.0238429890350513,1.0276264382969276,1.0406329826433502
SWE,62T63,1.0108455016456805,1.0265465323947502,1.0406329826433502
SWE,64T66,1.0220321219610715,1.0262746696505236,1.0406329826433502
SWE,68,1.035444659905107,1.0302404797864095,1.0406329826433502
SWE,69T75,1.0259922276976778,1.0280988853327644,1.0406329826433502
SWE,77T82,1.0216188351587714,1.032277654716992,1.0406329826433502
SWE,84,1.037687662223024,1.028781133263332,1.0406329826433502
SWE,85,1.038986954057105,1.0280330387018857,1.0406329826433502
SWE,86T88,1.039690168163915,1.028048723030728,1.0406329826433502
SWE,90T93,1.0337058772374557,1.0330223063020723,1.0406329826433502
SWE,94T98,1.0352315736733382,1.0293886165272992,1.0406329826433502
THA,01T02,0.8965513265374383,1.0211354220755928,1.0540418023098375
THA,03,0.9997039660384817,1.0194349532930118,1.0540418023098375
THA,05T06,0.7115165182580437,1.0164416645738656,1.0540418023098375
THA,07T08,0.897596141445644,1.0242169046839174,1.0540418023098375
THA,10T12,1.0054205751176324,1.0759295561301272,1.0540418023098375
THA,13T15,1.045525830826732,1.029780399139155,1.0540418023098375
THA,16,0.9839611137689107,1.0492897467165188,1.0540418023098375
THA,17T18,0.9967647055579184,1.0346730640754753,1.0540418023098375
THA,19,0.9353409971061694,1.0867488310526623,1.0540418023098375
THA,20,0.8908415539721973,1.0535645748501967,1.0540418023098375
THA,21,1.0102372665569357,1.043081118537002,1.0540418023098375
THA,22,0.9981920896273152,1.0699874773295859,1.0540418023098375
THA,23,0.7403444342822513,1.0818822296825694,1.0540418023098375
THA,24,0.8835915427441962,1.0714780768942749,1.0540418023098375
THA,25,0.9910171347637206,1.06895375442344,1.0540418023098375
THA,26,1.0346440278045075,1.030883695191872,1.0540418023098375
THA,27,1.0126400995153575,1.0581486879011668,1.0540418023098375
THA,28,0.9978710664698429,1.0502839619060174,1.0540418023098375
THA,29T30,0.9984228233991117,1.0480529660374343,1.0540418023098375
THA,31T33,1.0245216094216754,1.0462906007305404,1.0540418023098375
THA,35,0.8810810884330603,1.0635231906707163,1.0540418023098375
THA,36T39,1.021367692683425,1.019013961191363,1.0540418023098375
THA,41T43,1.0460540303956964,1.0969995553156406,1.0540418023098375
THA,45T47,1.0224077745050104,1.0021619991970967,1.0540418023098375
THA,49,0.8760547893400019,1.0528210282856876,1.0540418023098375
THA,50,0.8993237756393265,1.0356771772131752,1.0540418023098375
THA,51,0.8469024431549331,1.0556148069676883,1.0540418023098375
THA,52,0.9792371227686063,1.0368290368833675,1.0540418023098375
THA,53,1.0217142754414577,1.0059038589546436,1.0540418023098375
THA,55T56,1.0183614463980166,1.048271822071974,1.0540418023098375
THA,58T60,1.0118371318636616,1.0210711544919016,1.0540418023098375
THA,61,1.0458517737593793,1.0066104009384504,1.0540418023098375
THA,62T63,0.9740754230701691,1.0174329638651254,1.0540418023098375
THA,64T66,1.0087538020786662,1.000069664533644,1.0540418023098375
THA,68,1.0454659888239817,0.99929810438909,1.0540418023098375
THA,69T75,1.0007638850475213,1.0135357631145288,1.0540418023098375
THA,77T82,0.984961442026648,1.0169816238847984,1.0540418023098375
THA,84,1.0492433360462796,1.0064861128272515,1.0540418023098375
THA,85,1.050826620456781,1.0046073243327476,1.0540418023098375
THA,86T88,1.0456560536164263,1.021936648735017,1.0540418023098375
THA,90T93,1.0419361808903622,1.0114222585550163,1.0540418023098375
THA,94T98,1.0202121389865082,1.027008566084129,1.0540418023098375
TUN,01T02,0.9543680922904426,1.0143189367631833,1.0427360321335664
TUN,03,1.0154698840984606,1.0017705551471543,1.0427360321335664
TUN,05T06,0.7134884469382159,1.0777457392273413,1.0427360321335664
TUN,07T08,0.8086423924568327,1.0871130876909718,1.0427360321335664
TUN,10T12,0.9985571172491977,1.0887351313219753,1.0427360321335664
TUN,13T15,1.0036343470717186,1.0378258888421705,1.0427360321335664
TUN,16,1.016993337492712,1.0420980524913244,1.0427360321335664
TUN,17T18,0.9567964073914081,1.0423044501033882,1.0427360321335664
TUN,19,0.8179039067256906,1.1446893610325486,1.0427360321335664
TUN,20,0.9234750243781937,1.0657742264777577,1.0427360321335664
TUN,21,0.989944058284695,1.037161382049945,1.0427360321335664
TUN,22,0.6526421498347014,1.0551324223617922,1.0427360321335664
TUN,23,0.5342352333006328,1.1378573933682077,1.0427360321335664
TUN,24,1.0174944821028011,1.1043477026501611,1.0427360321335664
TUN,25,0.9861164263262523,1.0601500836239806,1.0427360321335664
TUN,26,1.0180282983204236,1.0482071505561315,1.0427360321335664
TUN,27,1.0162530731486474,1.0555584334608077,1.0427360321335664
TUN,28,1.0197399789342754,1.0472727954774936,1.0427360321335664
TUN,29T30,1.0283926700941133,1.0428144523319938,1.0427360321335664
TUN,31T33,0.8086008346515761,1.0382377745550493,1.0427360321335664
TUN,35,0.5582511174563074,1.1161107875211589,1.0427360321335664
TUN,36T39,1.0154941464595335,1.0863065098060978,1.0427360321335664
TUN,41T43,1.0252735686243382,1.1081125986688434,1.0427360321335664
TUN,45T47,1.0278570414548873,1.0083787864435403,1.0427360321335664
TUN,49,0.9112046342011859,1.01670790313572,1.0427360321335664
TUN,50,1.0829469121914945,1.0256350770919325,1.0427360321335664
TUN,51,0.7630909436740283,1.0337920229142148,1.0427360321335664
TUN,52,0.9521938111256908,1.0082020065409112,1.0427360321335664
TUN,53,1.0181593689427022,1.0075485656311285,1.0427360321335664
TUN,55T56,1.0331383732733301,1.023141141738613,1.0427360321335664
TUN,58T60,1.0227983218162056,1.02237251140443,1.0427360321335664
TUN,61,1.0327026942151911,1.003953020174,1.0427360321335664
TUN,62T63,1.0128248398421442,1.0107763202586528,1.0427360321335664
TUN,64T66,1.0057527307990541,0.9979176174182406,1.0427360321335664
TUN,68,1.0359492588826231,1.0049177257370718,1.0427360321335664
TUN,69T75,1.015247987984392,1.0148749638649628,1.0427360321335664
TUN,77T82,1.0125623226625091,1.0144794878628405,1.0427360321335664
TUN,84,1.0390462802364062,0.9967720052780424,1.0427360321335664
TUN,85,1.0430020830691025,1.0012514754470165,1.0427360321335664
TUN,86T88,1.0355985974756599,1.011577042234442,1.0427360321335664
TUN,90T93,1.0141644380492638,1.0239322548539602,1.0427360321335664
TUN,94T98,1.0428619968154311,1.0018323100302726,1.0427360321335664
TUR,01T02,0.9990851967422825,1.046438784946178,1.0464442500390212
TUR,03,1.0060429637302608,1.0212747398772413,1.0464442500390212
TUR,05T06,0.7438175685188819,1.0379955346065302,1.0464442500390212
TUR,07T08,0.9098426619559993,1.0231476231054522,1.0464442500390212
TUR,10T12,1.016420649386193,1.0610202886740465,1.0464442500390212
TUR,13T15,1.0103615357665192,1.0306050236678772,1.0464442500390212
TUR,16,0.9392660354636688,1.059303128810506,1.0464442500390212
TUR,17T18,0.9940230547817245,1.0368920613777677,1.0464442500390212
TUR,19,0.9424029027397887,1.0573007172699678,1.0464442500390212
TUR,20,0.8279395262362266,1.0461932402079326,1.0464442500390212
TUR,21,0.9819296221490904,1.034738917632984,1.0464442500390212
TUR,22,1.0014261535789566,1.0558453843804145,1.0464442500390212
TUR,23,0.7265748475163325,1.0904121018171131,1.0464442500390212
TUR,24,0.9403657607533846,1.0677936816277613,1.0464442500390212
TUR,25,1.0227811282195565,1.0500442480119252,1.0464442500390212
TUR,26,1.0485613095401127,1.0179808216859516,1.0464442500390212
TUR,27,1.0128009211223772,1.0550721481715135,1.0464442500390212
TUR,28,1.0234908531894444,1.044583600818946,1.0464442500390212
TUR,29T30,1.038327158775702,1.0361906591334307,1.0464442500390212
TUR,31T33,1.030242532170382,1.038472935359836,1.0464442500390212
TUR,35,0.6820466029314123,1.3040072902217639,1.0464442500390212
TUR,36T39,0.9792518186460554,1.042842650049637,1.0464442500390212
TUR,41T43,1.0344781594184853,1.0590721616012604,1.0464442500390212
TUR,45T47,1.0063190677414784,1.0175570734103438,1.0464442500390212
TUR,49,0.9816323554920849,1.0282135020101781,1.0464442500390212
TUR,50,0.9721700779823164,1.0203450478083387,1.0464442500390212
TUR,51,0.7971691797610265,1.0199141183749214,1.0464442500390212
TUR,52,0.9973031111021288,1.0111516275800279,1.0464442500390212
TUR,53,1.002610680413389,1.0202222687021967,1.0464442500390212
TUR,55T56,1.0289848921556437,1.0284599511999446,1.0464442500390212
TUR,58T60,1.0185307123108183,1.019390459880532,1.0464442500390212
TUR,61,1.0303814888778215,1.0203767018947576,1.0464442500390212
TUR,62T63,1.0171289438883502,1.0017060870375731,1.0464442500390212
TUR,64T66,1.003090327275332,1.0090864525102643,1.0464442500390212
TUR,68,1.0284728796697593,1.0354519134138602,1.0464442500390212
TUR,69T75,1.0088849825929738,1.014077786813631,1.0464442500390212
TUR,77T82,1.0121611926134662,1.0111118961896164,1.0464442500390212
TUR,84,1.033543299498766,1.0201858551386975,1.0464442500390212
TUR,85,1.0399389290247527,1.0079961163364997,1.0464442500390212
TUR,86T88,1.0416249550602168,1.0228453924490892,1.0464442500390212
TUR,90T93,1.0323839001548243,1.0178216502448567,1.0464442500390212
TUR,94T98,1.0350657887743184,1.023481587572034,1.0464442500390212
TWN,01T02,1.1147100333805138,1.0305488153565123,1.0506790139274642
TWN,03,0.9546689225784691,1.0448461798583448,1.0506790139274642
TWN,05T06,0.7367190758784004,1.0398572169831586,1.0506790139274642
TWN,07T08,0.7568084455414842,1.04777209879252,1.0506790139274642
TWN,10T12,1.062600667669082,1.0451595831130545,1.0506790139274642
TWN,13T15,0.9249322368189481,1.0571261975572273,1.0506790139274642
TWN,16,1.0564061073643216,1.0550173943171046,1.0506790139274642
TWN,17T18,0.965831680730462,1.0581225478183223,1.0506790139274642
TWN,19,0.8862193630988268,1.065694972319812,1.0506790139274642
TWN,20,0.8918963274981698,1.0930836495994518,1.0506790139274642
TWN,21,1.0198145169597628,1.0367479645937743,1.0506790139274642
TWN,22,1.020421522264696,1.067370462749694,1.0506790139274642
TWN,23,0.9516111846831656,1.090224200578395,1.0506790139274642
TWN,24,0.7224137111649214,1.1157059191366134,1.0506790139274642
TWN,25,0.9481949596618214,1.0895187184393909,1.0506790139274642
TWN,26,1.014658847031688,1.043946549008707,1.0506790139274642
TWN,27,1.0201873085792112,1.0599021560347395,1.0506790139274642
TWN,28,0.9868433957193103,1.069977068033223,1.0506790139274642
TWN,29T30,1.013928116338329,1.049009721386417,1.0506790139274642
TWN,31T33,1.00818212502418,1.0487328624221945,1.0506790139274642
TWN,35,0.6354597145049333,1.07149754013117,1.0506790139274642
TWN,36T39,0.9287555970813446,1.0483665453401034,1.0506790139274642
TWN,41T43,1.0378072934044884,1.0724835701142132,1.0506790139274642
TWN,45T47,1.0121200195209474,1.0186303032116515,1.0506790139274642
TWN,49,0.9402137113775061,1.0367308787223033,1.0506790139274642
TWN,50,0.8617684441537581,1.0662060824482855,1.0506790139274642
TWN,51,0.8589468047756793,1.0502892468476064,1.0506790139274642
TWN,52,0.9683321614103815,1.0245793757892079,1.0506790139274642
TWN,53,1.0184130244235143,1.0341987190356032,1.0506790139274642
TWN,55T56,1.039521028319993,1.0320945558056207,1.0506790139274642
TWN,58T60,1.0156018956408668,1.0272108678159784,1.0506790139274642
TWN,61,1.0342771805592266,1.0210145164782485,1.0506790139274642
TWN,62T63,1.0168574782085475,1.0159885627961132,1.0506790139274642
TWN,64T66,1.0314292499498479,1.0106272875094384,1.0506790139274642
TWN,68,1.0435456537876369,1.0127543585413228,1.0506790139274642
TWN,69T75,1.0148406510007972,1.0229275216751779,1.0506790139274642
TWN,77T82,1.0075002835926077,1.0176596054930687,1.0506790139274642
TWN,84,1.0464865569957529,1.0160093578778397,1.0506790139274642
TWN,85,1.049113301536973,1.0166824888189574,1.0506790139274642
TWN,86T88,1.04490126385274,1.0254732077991073,1.0506790139274642
TWN,90T93,1.03766604295706,1.022973551205482,1.0506790139274642
TWN,94T98,1.0461657856531645,1.020726817942472,1.0506790139274642
USA,01T02,0.9270725164961017,1.0621084346085892,1.0351650250139848
USA,03,1.0350508368479376,1.0215971194919338,1.0351650250139848
USA,05T06,0.8963183858971753,1.0359782401821056,1.0351650250139848
USA,07T08,1.0019867144328192,1.0387257413948616,1.0351650250139848
USA,10T12,1.0183082045916712,1.0684297381396357,1.0351650250139848
USA,13T15,1.0055107830596084,1.0387210418001285,1.0351650250139848
USA,16,1.0381131108485648,1.0509730212377448,1.0351650250139848
USA,17T18,1.0105244979834316,1.042090407467186,1.0351650250139848
USA,19,0.9882356967805863,1.0677067730752166,1.0351650250139848
USA,20,0.9885578102048121,1.046310423671876,1.0351650250139848
USA,21,1.0100294158537289,1.0270850725197522,1.0351650250139848
USA,22,1.0410598133043663,1.044893220591585,1.0351650250139848
USA,23,0.9923112013325472,1.0454974416485818,1.0351650250139848
USA,24,1.0869516716088239,1.0560094922862826,1.0351650250139848
USA,25,1.0404197738524885,1.0415990673974276,1.0351650250139848
USA,26,1.041053799938467,1.0214807456753778,1.0351650250139848
USA,27,1.0535865823826402,1.0351526300176082,1.0351650250139848
USA,28,1.0293792612804908,1.034498700162231,1.0351650250139848
USA,29T30,1.0340392703535914,1.0340663162891504,1.0351650250139848
USA,31T33,1.0719856875862837,1.0307684793110619,1.0351650250139848
USA,35,0.7506726513396518,1.039919669214706,1.0351650250139848
USA,36T39,1.01526396555804,1.0260768273008798,1.0351650250139848
USA,41T43,1.0256655939669532,1.0338772107978642,1.0351650250139848
USA,45T47,1.0185364989839485,1.0269275817740313,1.0351650250139848
USA,49,0.9838247411160264,1.029021099577893,1.0351650250139848
USA,50,0.9685609351186777,1.0309504659917683,1.0351650250139848
USA,51,0.9416352040704575,1.0271081468427905,1.0351650250139848
USA,52,0.9939064868298289,1.0366619889146975,1.0351650250139848
USA,53,0.9850532115356021,1.02943692791466,1.0351650250139848
USA,55T56,1.027643431559945,1.0311482100437876,1.0351650250139848
USA,58T60,1.027910717108202,1.0217460845471589,1.0351650250139848
USA,61,1.025794968277596,1.023640668812694,1.0351650250139848
USA,62T63,1.0184863780817335,1.021310632588506,1.0351650250139848
USA,64T66,1.0203873564017163,1.0212492160380306,1.0351650250139848
USA,68,1.0288477374896932,1.0278368861636729,1.0351650250139848
USA,69T75,1.0196624247289452,1.0227817608008205,1.0351650250139848
USA,77T82,1.0150344403160372,1.0233177370962283,1.0351650250139848
USA,84,1.0251712520780134,1.0269426295363688,1.0351650250139848
USA,85,1.027111782248488,1.024909575781779,1.0351650250139848
USA,86T88,1.0337718086567595,1.023682645620605,1.0351650250139848
USA,90T93,1.0297096383326187,1.0249528608436043,1.0351650250139848
USA,94T98,1.03145823544094,1.0240975597286561,1.0351650250139848
VNM,01T02,0.9231055282362365,1.053677504746338,1.0556081204304164
VNM,03,0.9961131494677502,1.047151609022645,1.0556081204304164
VNM,05T06,0.8386678146860356,1.0272689316471864,1.0556081204304164
VNM,07T08,0.4434292970058295,1.0800193237749987,1.0556081204304164
VNM,10T12,0.984888158414137,1.0926897457777673,1.0556081204304164
VNM,13T15,1.0198360054873903,1.03387530512662,1.0556081204304164
VNM,16,0.8785371938923838,1.118384657225733,1.0556081204304164
VNM,17T18,0.9296816723876635,1.0609946960483323,1.0556081204304164
VNM,19,0.8287100525795612,1.0704414076673652,1.0556081204304164
VNM,20,0.9200477739626463,1.0772512308597342,1.0556081204304164
VNM,21,1.021665959824348,1.030299352610845,1.0556081204304164
VNM,22,0.9911637248693448,1.0725610898397115,1.0556081204304164
VNM,23,0.6392864018555818,1.1328987277327178,1.0556081204304164
VNM,24,0.788384142221354,1.1257662421716859,1.0556081204304164
VNM,25,0.8605405197659443,1.1067845684103224,1.0556081204304164
VNM,26,1.023800192072469,1.0340202168835924,1.0556081204304164
VNM,27,0.9870455372805886,1.0680998253430993,1.0556081204304164
VNM,28,1.0199139561140316,1.0421412284807101,1.0556081204304164
VNM,29T30,1.0280383822226253,1.0443940969669752,1.0556081204304164
VNM,31T33,0.9369698665999338,1.0680470222471836,1.0556081204304164
VNM,35,0.46696897322041425,1.0467484645142342,1.0556081204304164
VNM,36T39,0.9922709194830065,1.0334306787323686,1.0556081204304164
VNM,41T43,1.0369444880930008,1.110684310419526,1.0556081204304164
VNM,45T47,0.9862837311159647,1.011914826567693,1.0556081204304164
VNM,49,0.8721155005621588,1.0402893404322073,1.0556081204304164
VNM,50,0.6797326861816362,1.0471893999250992,1.0556081204304164
VNM,51,0.8274642724047501,1.046991303224071,1.0556081204304164
VNM,52,0.9613143402872494,1.0076517303076964,1.0556081204304164
VNM,53,0.9741791818318926,1.0200376494911683,1.0556081204304164
VNM,55T56,1.0144771577703282,1.0468155276886264,1.0556081204304164
VNM,58T60,1.0145851452369812,1.0218220050682263,1.0556081204304164
VNM,61,1.029101522314803,1.0249502588178665,1.0556081204304164
VNM,62T63,1.0635804135344844,0.9869762878628677,1.0556081204304164
VNM,64T66,0.999175466041078,0.9881436133661416,1.0556081204304164
VNM,68,1.03696998067009,1.0142397633716658,1.0556081204304164
VNM,69T75,0.9971368927287568,1.0044819523414041,1.0556081204304164
VNM,77T82,1.0067351609399733,1.005702439546843,1.0556081204304164
VNM,84,1.0451146162288656,1.0096791352302623,1.0556081204304164
VNM,85,1.0472452687360905,0.9944682267864863,1.0556081204304164
VNM,86T88,1.0516270187779062,1.0128063510934646,1.0556081204304164
VNM,90T93,1.0528494562877961,1.000644100133925,1.0556081204304164
VNM,94T98,1.0438866854582312,1.023775107416877,1.0556081204304164
ZAF,01T02,0.8391969854345825,1.0156225766743194,0.9752059879938908
ZAF,03,0.9792437721321517,0.9570686303287704,0.9752059879938908
ZAF,05T06,0.777595693127021,0.9948284194863434,0.9752059879938908
ZAF,07T08,0.7176160140859086,1.031213864267228,0.9752059879938908
ZAF,10T12,0.9963459543243313,1.0267711915510553,0.9752059879938908
ZAF,13T15,1.0717727363692173,1.0007038714394554,0.9752059879938908
ZAF,16,0.9900059479766117,1.0152850050708584,0.9752059879938908
ZAF,17T18,1.0129733943058936,0.9891778587851539,0.9752059879938908
ZAF,19,0.795026276797055,1.02323676088268,0.9752059879938908
ZAF,20,0.8774321263809672,1.0476754786098978,0.9752059879938908
ZAF,21,0.9667947223284666,1.0108983574232218,0.9752059879938908
ZAF,22,0.7879584171681357,1.0193936180480812,0.9752059879938908
ZAF,23,0.7249018402805719,1.0475933821683079,0.9752059879938908
ZAF,24,0.2047951787348367,1.1492459198444607,0.9752059879938908
ZAF,25,0.80907658702353,1.1260099037659723,0.9752059879938908
ZAF,26,1.011856478118876,1.004079511372193,0.9752059879938908
ZAF,27,0.8862158803209967,1.068237989921856,0.9752059879938908
ZAF,28,0.9638063617127341,1.0369673660331677,0.9752059879938908
ZAF,29T30,0.9651061549625433,1.048665571810939,0.9752059879938908
ZAF,31T33,0.6011822897242842,1.028793005067955,0.9752059879938908
ZAF,35,0.39524818374708603,1.0490729324001222,0.9752059879938908
ZAF,36T39,0.9416180831396468,0.9553572187689792,0.9752059879938908
ZAF,41T43,0.9491297817787103,1.0152576177663755,0.9752059879938908
ZAF,45T47,0.9549480954798371,0.9488107074713523,0.9752059879938908
ZAF,49,0.9271430324955577,0.965729420003244,0.9752059879938908
ZAF,50,0.3845044723969747,0.9622379821781547,0.9752059879938908
ZAF,51,0.9036254502308247,0.9851241797191086,0.9752059879938908
ZAF,52,0.8490139630846117,0.9793664088740089,0.9752059879938908
ZAF,53,0.9553028395733263,0.9594749661421441,0.9752059879938908
ZAF,55T56,1.0075729332418357,0.9578181985204606,0.9752059879938908
ZAF,58T60,0.9856174377319036,0.9623880315809794,0.9752059879938908
ZAF,61,0.9787221593678668,0.9673383830842953,0.9752059879938908
ZAF,62T63,0.9355699095386765,0.9651298703599636,0.9752059879938908
ZAF,64T66,0.9627487957591623,0.9303241003679746,0.9752059879938908
ZAF,68,0.963442869422927,0.9469478435110993,0.9752059879938908
ZAF,69T75,0.9491036996736348,0.9562806809403042,0.9752059879938908
ZAF,77T82,0.9357114426384203,0.9630383007492618,0.9752059879938908
ZAF,84,0.9678747787467035,0.9424560512978509,0.9752059879938908
ZAF,85,0.9699200592017571,0.9306211766143972,0.9752059879938908
ZAF,86T88,0.966376936083231,0.9463354895385069,0.9752059879938908
ZAF,90T93,0.9177937500984016,0.956797220021602,0.9752059879938908
ZAF,94T98,0.966972435008159,0.9206044163234746,0.9752059879938908
