country,sector,output_hat,price_hat,spending_hat
ARG,01T02,0.6517674578482887,1.0722408802641208,1.0271828940386885
ARG,03,1.002517389835977,0.9934966933357015,1.0271828940386885
ARG,05T06,0.8010380424106921,1.0169368105698358,1.0271828940386885
ARG,07T08,1.0118655575162059,0.9968869515297717,1.0271828940386885
ARG,10T12,0.9831411739164891,1.1437182928547756,1.0271828940386885
ARG,13T15,0.9717055732831403,1.0339806840411538,1.0271828940386885
ARG,16,1.0282472160560487,1.0202633202561593,1.0271828940386885
ARG,17T18,1.0375985486818333,1.0094011123237205,1.0271828940386885
ARG,19,0.9292815990859186,1.094718796868403,1.0271828940386885
ARG,20,1.0088645638023404,1.027480676130743,1.0271828940386885
ARG,21,1.041038035838304,1.0051775730899155,1.0271828940386885
ARG,22,0.9685947352613508,1.0255548964675427,1.0271828940386885
ARG,23,0.8988693397749001,1.0198887417758011,1.0271828940386885
ARG,24,0.979511118647211,1.0366149918361525,1.0271828940386885
ARG,25,1.0634999470611046,1.0226279548877326,1.0271828940386885
ARG,26,1.042832842896212,1.0221964363758114,1.0271828940386885
ARG,27,1.0542943997780307,1.0272725508750375,1.0271828940386885
ARG,28,1.0449177967509067,1.0162093561912582,1.0271828940386885
ARG,29T30,1.0128130527856858,1.0248330089138127,1.0271828940386885
ARG,31T33,1.025118715125904,1.0067323327653073,1.0271828940386885
ARG,35,0.8508368494621111,1.0578476576511282,1.0271828940386885
ARG,36T39,1.0111766705298697,1.0001180678009371,1.0271828940386885
ARG,41T43,1.019829676449516,1.0103559986592519,1.0271828940386885
ARG,45T47,1.0070802775532703,0.9883247839035981,1.0271828940386885
ARG,49,0.9651319539306724,1.0029376103509173,1.0271828940386885
ARG,50,0.8993893593025154,1.0049310222078787,1.0271828940386885
ARG,51,0.9020306317040816,1.0337094756028211,1.0271828940386885
ARG,52,0.9863294438218053,1.0102649804914206,1.0271828940386885
ARG,53,1.035664803240379,0.9965918022490484,1.0271828940386885
ARG,55T56,1.027221767264416,1.024749064686842,1.0271828940386885
ARG,58T60,1.0368579909874438,0.9957299221341365,1.0271828940386885
ARG,61,1.0294238674055545,0.9929217879123206,1.0271828940386885
ARG,62T63,1.0448863082613256,0.9933521198179838,1.0271828940386885
ARG,64T66,1.01742760211124,0.9874128966481517,1.0271828940386885
ARG,68,1.0300545716780973,0.9816096318658412,1.0271828940386885
ARG,69T75,1.0252892042452741,0.9909059399442927,1.0271828940386885
ARG,77T82,1.0101152335653178,0.9870684942470108,1.0271828940386885
ARG,84,1.0261753568838026,0.990840565298718,1.0271828940386885
ARG,85,1.0273788351672934,0.9865214578116995,1.0271828940386885
ARG,86T88,1.025461737570316,0.9883009491636902,1.0271828940386885
ARG,90T93,1.0312888002745322,0.9958916706023072,1.0271828940386885
ARG,94T98,1.0248657175252136,0.9920901027382353,1.0271828940386885
AUS,01T02,0.719368216352905,1.0566670368549547,1.0186927987607302
AUS,03,0.9622099309335715,1.0593751349213585,1.0186927987607302
AUS,05T06,0.8473434136216167,1.0105600303847815,1.0186927987607302
AUS,07T08,1.055176627682209,1.0176092718120822,1.0186927987607302
AUS,10T12,0.9786204449326906,1.1084295202225103,1.0186927987607302
AUS,13T15,0.9063657646122646,1.0691116076214773,1.0186927987607302
AUS,16,1.024209021768592,1.0575417541525018,1.0186927987607302
AUS,17T18,1.0200752792095171,1.029500176428834,1.0186927987607302
AUS,19,0.7726584041045558,1.0397764221253407,1.0186927987607302
AUS,20,0.8859603366308764,1.0443073596971406,1.0186927987607302
AUS,21,0.9978603222655322,1.0300625608203995,1.0186927987607302
AUS,22,1.0777247514487116,1.0424981343144155,1.0186927987607302
AUS,23,0.9879586878706065,1.0325150070201194,1.0186927987607302
AUS,24,1.2071012963650787,1.0495465301906148,1.0186927987607302
AUS,25,1.042500686063989,1.041402689282223,1.0186927987607302
AUS,26,1.04851100156775,1.0145972787051492,1.0186927987607302
AUS,27,1.0762286058515862,1.0261722330512073,1.0186927987607302
AUS,28,1.0420489944700473,1.0243961647427766,1.0186927987607302
AUS,29T30,1.0447200977101583,1.029457001518853,1.0186927987607302
AUS,31T33,1.0365983706422022,1.020702754126233,1.0186927987607302
AUS,35,0.7058588551455116,1.118488241010428,1.0186927987607302
AUS,36T39,0.9907528417574737,1.009777642143525,1.0186927987607302
AUS,41T43,1.0073651351953568,1.0226344756793648,1.0186927987607302
AUS,45T47,1.0015285398760774,1.0128777257469261,1.0186927987607302
AUS,49,0.954137409051357,1.0199120350499378,1.0186927987607302
AUS,50,0.9689597946847752,1.0180557740699097,1.0186927987607302
AUS,51,0.9450852075313314,1.0226586520573515,1.0186927987607302
AUS,52,0.9954396098436399,1.0068232518104485,1.0186927987607302
AUS,53,0.9909476226124273,1.018085888926973,1.0186927987607302
AUS,55T56,1.02250119757023,1.0243174786183165,1.0186927987607302
AUS,58T60,1.0273568147071477,1.007452103562376,1.0186927987607302
AUS,61,1.0094068485846257,1.0083931763448977,1.0186927987607302
AUS,62T63,1.0101122771580568,0.9999539056293755,1.0186927987607302
AUS,64T66,0.9959769234314099,0.9952319493824623,1.0186927987607302
AUS,68,1.0155885757231413,0.995421321707511,1.0186927987607302
AUS,69T75,0.9999140045827324,1.001767566088357,1.0186927987607302
AUS,77T82,1.000088302036011,1.0046135900142725,1.0186927987607302
AUS,84,1.015637574595017,1.0093867614099585,1.0186927987607302
AUS,85,1.0216276906298694,0.9996136356733438,1.0186927987607302
AUS,86T88,1.0181002506955659,1.000820556190098,1.0186927987607302
AUS,90T93,1.019605786545741,1.0020107727102754,1.0186927987607302
AUS,94T98,1.0155777888167459,1.000830043591547,1.0186927987607302
AUT,01T02,1.0203433292223008,1.0638192451099129,1.0565796193792685
AUT,03,1.0472841989897792,1.051777384511073,1.0565796193792685
AUT,05T06,0.7697866515269602,1.0540527579048913,1.0565796193792685
AUT,07T08,0.9837067960656154,1.0589252808900724,1.0565796193792685
AUT,10T12,1.0682518811718702,1.0638501041847046,1.0565796193792685
AUT,13T15,1.0175984834434186,1.0473221611626153,1.0565796193792685
AUT,16,1.0392176198333931,1.065610145066353,1.0565796193792685
AUT,17T18,0.9735561360446704,1.0585426120357488,1.0565796193792685
AUT,19,1.0107822731125076,1.0784799327163404,1.0565796193792685
AUT,20,1.0366221181906456,1.0652270810642575,1.0565796193792685
AUT,21,1.0230106583629741,1.0471747719421733,1.0565796193792685
AUT,22,1.0840180137880353,1.055135025597987,1.0565796193792685
AUT,23,1.0402734123360582,1.0587438912350948,1.0565796193792685
AUT,24,1.0472325605042754,1.074586193188575,1.0565796193792685
AUT,25,1.041767379441139,1.0590704025182616,1.0565796193792685
AUT,26,1.0366700394015032,1.0461195556239882,1.0565796193792685
AUT,27,1.049515602388464,1.0517286689952128,1.0565796193792685
AUT,28,1.0378870777751699,1.0496827068562606,1.0565796193792685
AUT,29T30,1.0346161538979253,1.050093238308295,1.0565796193792685
AUT,31T33,1.0532345451025775,1.0546259217222307,1.0565796193792685
AUT,35,1.0467214984581152,1.0798394525489183,1.0565796193792685
AUT,36T39,1.0379708694100331,1.046120376511895,1.0565796193792685
AUT,41T43,1.047697487748694,1.0512936886874715,1.0565796193792685
AUT,45T47,1.0272440116741406,1.0426123776578402,1.0565796193792685
AUT,49,1.00369216407796,1.0459264261031633,1.0565796193792685
AUT,50,1.0615063584798456,1.0495882323114938,1.0565796193792685
AUT,51,0.9951275537439863,1.0465542261152585,1.0565796193792685
AUT,52,1.022691938379706,1.0422658341258637,1.0565796193792685
AUT,53,1.0295797087198597,1.0409267335193062,1.0565796193792685
AUT,55T56,1.0478876832026824,1.0449963268668117,1.0565796193792685
AUT,58T60,1.015330916437025,1.0439622824960952,1.0565796193792685
AUT,61,1.0248421637611143,1.0407249222289587,1.0565796193792685
AUT,62T63,1.0052736452038622,1.0378251065550406,1.0565796193792685
AUT,64T66,1.0239855129633098,1.0394585100067535,1.0565796193792685
AUT,68,1.049261652439224,1.0415333906765876,1.0565796193792685
AUT,69T75,1.0204968848373994,1.0411913233081604,1.0565796193792685
AUT,77T82,1.0343382174952997,1.041694431808853,1.0565796193792685
AUT,84,1.054727442453932,1.0418616612185354,1.0565796193792685
AUT,85,1.0541485710504497,1.040961389180575,1.0565796193792685
AUT,86T88,1.0530389904271853,1.0429900806187873,1.0565796193792685
AUT,90T93,1.046191139491902,1.0424079129668211,1.0565796193792685
AUT,94T98,1.0492952062347303,1.0422562326844784,1.0565796193792685
BEL,01T02,0.9644747096277511,1.0654937399067588,1.0506602326869576
BEL,03,1.0405476433518772,1.0462633993666983,1.0506602326869576
BEL,05T06,0.005391350480752872,1.1530816065359204,1.0506602326869576
BEL,07T08,0.9860411042096958,1.04482464538728,1.0506602326869576
BEL,10T12,1.0385230090170372,1.0713646703336903,1.0506602326869576
BEL,13T15,0.9991635902384447,1.0479377687214286,1.0506602326869576
BEL,16,1.064916246879202,1.057988372153229,1.0506602326869576
BEL,17T18,1.0248033858316121,1.0524605863421523,1.0506602326869576
BEL,19,1.0071705217883402,1.0708935163561117,1.0506602326869576
BEL,20,0.9915227795891302,1.0571436588956309,1.0506602326869576
BEL,21,1.0242379166676685,1.0403060319789,1.0506602326869576
BEL,22,1.0710106195986904,1.0613293789196347,1.0506602326869576
BEL,23,0.9993458532772229,1.0502310896397742,1.0506602326869576
BEL,24,1.2120809528979568,1.0723714851106019,1.0506602326869576
BEL,25,1.0519897897114778,1.0561297174271846,1.0506602326869576
BEL,26,1.0369776864017766,1.044218787926652,1.0506602326869576
BEL,27,1.0439243385391495,1.0544126714609887,1.0506602326869576
BEL,28,1.03753019876344,1.0491948969408582,1.0506602326869576
BEL,29T30,1.0433045360656255,1.0463076310795931,1.0506602326869576
BEL,31T33,1.0897591455528246,1.0425012630231374,1.0506602326869576
BEL,35,0.9751438628441192,1.0574082512973892,1.0506602326869576
BEL,36T39,1.0779542003590958,1.043864017456235,1.0506602326869576
BEL,41T43,1.0443926300358821,1.04798377731155,1.0506602326869576
BEL,45T47,1.0259551872097281,1.0384938557544627,1.0506602326869576
BEL,49,1.0271103380127022,1.0423021851134993,1.0506602326869576
BEL,50,0.6583374945213528,1.0608302068599738,1.0506602326869576
BEL,51,1.0070708308473961,1.05557850841164,1.0506602326869576
BEL,52,1.0013364426880547,1.0435187364815766,1.0506602326869576
BEL,53,1.0140069165458037,1.0437426925714453,1.0506602326869576
BEL,55T56,1.0386595375752206,1.046475840539281,1.0506602326869576
BEL,58T60,1.011374530123597,1.0372533614345727,1.0506602326869576
BEL,61,1.018720840706113,1.03452098068869,1.0506602326869576
BEL,62T63,1.0132284008048729,1.0359549228336813,1.0506602326869576
BEL,64T66,1.017213412014373,1.0299673937674427,1.0506602326869576
BEL,68,1.0442009675858015,1.034257341433799,1.0506602326869576
BEL,69T75,1.0190052795412883,1.03568458459772,1.0506602326869576
BEL,77T82,1.0220154835654325,1.0400820747891508,1.0506602326869576
BEL,84,1.0496318453331657,1.0350061347197834,1.0506602326869576
BEL,85,1.0489621566919258,1.033829386339494,1.0506602326869576
BEL,86T88,1.0482801688343835,1.0381659892423554,1.0506602326869576
BEL,90T93,1.0401199336977223,1.0391883576462733,1.0506602326869576
BEL,94T98,1.0424661507677238,1.038217790728545,1.0506602326869576
BGR,01T02,0.7300629768729453,1.0573620374296373,1.0583117061395377
BGR,03,1.019189482726071,1.0683738646570378,1.0583117061395377
BGR,05T06,0.8503546771802337,1.0833882833896868,1.0583117061395377
BGR,07T08,0.9636212784893992,1.050258370036639,1.0583117061395377
BGR,10T12,1.0365322137001194,1.073076173951884,1.0583117061395377
BGR,13T15,1.061763267965923,1.0339769848206775,1.0583117061395377
BGR,16,0.9700926567458799,1.0828321562871266,1.0583117061395377
BGR,17T18,1.000471184598115,1.0513252797561263,1.0583117061395377
BGR,19,0.9183823285536536,1.0577614561781266,1.0583117061395377
BGR,20,0.5602786716414121,1.0786400897510562,1.0583117061395377
BGR,21,0.6892566015532671,1.0690027970682294,1.0583117061395377
BGR,22,1.110156922686878,1.052644581673242,1.0583117061395377
BGR,23,0.7259720413552733,1.0760355824650192,1.0583117061395377
BGR,24,1.2771299487789978,1.0864084783671166,1.0583117061395377
BGR,25,1.0575954732104873,1.0494963433617936,1.0583117061395377
BGR,26,1.0451320350810087,1.038103809462001,1.0583117061395377
BGR,27,1.0479115738490778,1.0513032462422909,1.0583117061395377
BGR,28,1.03637866587009,1.0480922591143935,1.0583117061395377
BGR,29T30,1.050025961687328,1.0418451317299164,1.0583117061395377
BGR,31T33,1.1100260616241255,1.0338047010639648,1.0583117061395377
BGR,35,0.6136466154562626,1.0424656792452767,1.0583117061395377
BGR,36T39,1.0281598829984002,1.064750310068332,1.0583117061395377
BGR,41T43,1.0385771205867582,1.052571434141453,1.0583117061395377
BGR,45T47,1.009426194816963,1.0251719234123815,1.0583117061395377
BGR,49,0.9192960560450525,1.0384500521060223,1.0583117061395377
BGR,50,0.8711620133034694,1.0439559300237689,1.0583117061395377
BGR,51,1.112076460911963,1.0426871442689942,1.0583117061395377
BGR,52,0.9930170676208309,1.0352620121381786,1.0583117061395377
BGR,53,1.0269174395085676,1.0197237968827506,1.0583117061395377
BGR,55T56,1.0374650568519115,1.0337921796414637,1.0583117061395377
BGR,58T60,1.0613219273282286,1.0119640561687946,1.0583117061395377
BGR,61,1.0425353376302804,1.02332032652848,1.0583117061395377
BGR,62T63,1.038956959682005,1.0107899025317624,1.0583117061395377
BGR,64T66,1.022581765086865,1.0081533472536175,1.0583117061395377
BGR,68,1.0486545878456552,1.0158246875819217,1.0583117061395377
BGR,69T75,1.0361630630444092,1.0135284038346348,1.0583117061395377
BGR,77T82,1.0312490241235177,1.0201495930065696,1.0583117061395377
BGR,84,1.0555890813630797,1.0164659599934818,1.0583117061395377
BGR,85,1.0557790790501105,1.0038152343610585,1.0583117061395377
BGR,86T88,1.0523600256056338,1.0203190844733487,1.0583117061395377
BGR,90T93,1.046759790865253,1.018254726042619,1.0583117061395377
BGR,94T98,1.0401129364860129,1.0267782187550285,1.0583117061395377
BRA,01T02,0.37667231423255565,1.018259643945522,0.9920054548483422
BRA,03,0.9885407678291643,0.961253711100856,0.9920054548483422
BRA,05T06,0.8221835897984469,0.9899179225593796,0.9920054548483422
BRA,07T08,1.0167238392710694,0.9791583719889863,0.9920054548483422
BRA,10T12,0.9258077802852501,1.1693683570248552,0.9920054548483422
BRA,13T15,1.0274492130712474,1.0017353074808457,0.9920054548483422
BRA,16,1.0253258454700926,1.0340879075834253,0.9920054548483422
BRA,17T18,1.0045761787927532,1.0182075156692034,0.9920054548483422
BRA,19,0.8936564873624601,1.0556248177498275,0.9920054548483422
BRA,20,0.8493393757601198,1.059018558622407,0.9920054548483422
BRA,21,1.0095752507255997,0.9762565355836206,0.9920054548483422
BRA,22,1.008964993913396,1.0187422621364886,0.9920054548483422
BRA,23,0.7769184222812526,1.007106738957347,0.9920054548483422
BRA,24,0.8766958113930166,1.0211538698603344,0.9920054548483422
BRA,25,1.007398097465686,1.0159050143071242,0.9920054548483422
BRA,26,1.032042252343343,0.987234525878637,0.9920054548483422
BRA,27,1.033427221367125,1.0073728538657143,0.9920054548483422
BRA,28,1.038130329526235,0.9951011090630048,0.9920054548483422
BRA,29T30,1.0550711373397479,0.9995834993066663,0.9920054548483422
BRA,31T33,1.0098548695774798,0.9894395766157563,0.9920054548483422
BRA,35,0.9010933729033982,0.989713212958004,0.9920054548483422
BRA,36T39,0.9763617264719969,0.9695173738732451,0.9920054548483422
BRA,41T43,0.9888468720394658,0.9981868221659331,0.9920054548483422
BRA,45T47,0.9864971647492221,0.9674594586792066,0.9920054548483422
BRA,49,0.9278551309298394,0.9891224263812364,0.9920054548483422
BRA,50,0.8652318781968652,0.9899905850746172,0.9920054548483422
BRA,51,0.912148215928999,0.9981922911145251,0.9920054548483422
BRA,52,1.002290175141129,0.9674410449846728,0.9920054548483422
BRA,53,0.9877455575224696,0.9655817821032274,0.9920054548483422
BRA,55T56,0.9983605698110992,1.006900556518836,0.9920054548483422
BRA,58T60,1.0445823690498948,0.9828996695468929,0.9920054548483422
BRA,61,0.9986179282678156,0.9631944994913043,0.9920054548483422
BRA,62T63,1.0369876983531527,0.9595970624703044,0.9920054548483422
BRA,64T66,0.9834398593888375,0.9574677421612738,0.9920054548483422
BRA,68,0.9948017133039825,0.953748396318268,0.9920054548483422
BRA,69T75,1.0117050679616162,0.9614989547267471,0.9920054548483422
BRA,77T82,0.9989274053431607,0.9640992580709666,0.9920054548483422
BRA,84,0.9922824564986313,0.9593022427141727,0.9920054548483422
BRA,85,0.9925621485541382,0.9579400330903389,0.9920054548483422
BRA,86T88,0.9923934658492038,0.9649553248539505,0.9920054548483422
BRA,90T93,1.0099430089944217,0.9654713879964456,0.9920054548483422
BRA,94T98,0.9905669903821787,0.9766927393593764,0.9920054548483422
BRN,01T02,0.6703124536423781,0.9965787401693756,0.9667285796400337
BRN,03,1.0421110279080783,0.9733278153995806,0.9667285796400337
BRN,05T06,0.8761685031534509,0.9533332101911455,0.9667285796400337
BRN,07T08,1.2431941221590157,0.9334083429020891,0.9667285796400337
BRN,10T12,1.1392929968460228,1.0275157005600253,0.9667285796400337
BRN,13T15,1.0526944282005524,1.0177860223094164,0.9667285796400337
BRN,16,1.1532562277836997,0.9972877462844216,0.9667285796400337
BRN,17T18,0.9778901138935464,1.004830446891716,0.9667285796400337
BRN,19,0.9226017504834022,0.9823976377699009,0.9667285796400337
BRN,20,1.29091039728016,0.9992242716720557,0.9667285796400337
BRN,21,1.0900812908187913,1.0047703865617366,0.9667285796400337
BRN,22,0.25740262441423917,1.037963029709096,0.9667285796400337
BRN,23,0.9372486264410336,1.0030290920041058,0.9667285796400337
BRN,24,2.4458536754558033,0.9645338291930907,0.9667285796400337
BRN,25,0.9148054458528586,1.0488218043461772,0.9667285796400337
BRN,26,0.947357919333681,1.0056539486283376,0.9667285796400337
BRN,27,1.0878547210264826,0.9987348917829076,0.9667285796400337
BRN,28,1.0237867663007338,1.0026422066325877,0.9667285796400337
BRN,29T30,1.0303895371811762,0.9924716115864812,0.9667285796400337
BRN,31T33,0.17464702189429396,1.0335175955104101,0.9667285796400337
BRN,35,0.4295860752239709,0.9846417435324015,0.9667285796400337
BRN,36T39,0.9570844652965275,0.9609710457842722,0.9667285796400337
BRN,41T43,0.9546549091976239,1.0151052696921898,0.9667285796400337
BRN,45T47,0.9675424563205584,0.9779958968431168,0.9667285796400337
BRN,49,0.9431470308922303,0.9771399729581876,0.9667285796400337
BRN,50,0.7654884563322084,0.9761981165184089,0.9667285796400337
BRN,51,0.914313065014197,0.9589685469045843,0.9667285796400337
BRN,52,1.0718395545332793,0.9731035836938169,0.9667285796400337
BRN,53,1.0275954658660478,0.9961881381068015,0.9667285796400337
BRN,55T56,1.0022610753938699,1.018142100345847,0.9667285796400337
BRN,58T60,1.0805599713287097,0.9590244298522228,0.9667285796400337
BRN,61,0.949414001009071,0.9818735317265626,0.9667285796400337
BRN,62T63,1.0221959516513006,0.9790089629328104,0.9667285796400337
BRN,64T66,0.9708268185176097,0.9465498387136339,0.9667285796400337
BRN,68,1.0044664433213681,0.9375667103335483,0.9667285796400337
BRN,69T75,0.9724220277473381,0.9737495563553614,0.9667285796400337
BRN,77T82,0.9589916457318571,0.9981650438345105,0.9667285796400337
BRN,84,0.9662818218903099,0.976674237696284,0.9667285796400337
BRN,85,0.9678985577873981,0.9678286109046412,0.9667285796400337
BRN,86T88,0.9608222426997737,0.9843946482489987,0.9667285796400337
BRN,90T93,0.9424952700139043,1.0554517333826359,0.9667285796400337
BRN,94T98,1.0313352963405622,0.9584363038017932,0.9667285796400337
CAN,01T02,0.6491992164483975,1.074011617356752,1.022121872191946
CAN,03,0.9879152158248111,1.0284045526670647,1.022121872191946
CAN,05T06,0.8096380155457423,1.0226369440828424,1.022121872191946
CAN,07T08,1.028743131622538,1.0218084869729622,1.022121872191946
CAN,10T12,0.9864079712081231,1.095060073051786,1.022121872191946
CAN,13T15,1.0876039165092362,1.023625653723729,1.022121872191946
CAN,16,0.897560984542861,1.1127376117344074,1.022121872191946
CAN,17T18,0.9806580620567831,1.0481197560979902,1.022121872191946
CAN,19,0.8070115341600478,1.0823552506332481,1.022121872191946
CAN,20,0.9047072283037028,1.0473398195825856,1.022121872191946
CAN,21,1.0250457764695229,1.0245310801470053,1.022121872191946
CAN,22,1.0140696683528725,1.0410137026065416,1.022121872191946
CAN,23,0.9649381849154354,1.0466956168258996,1.022121872191946
CAN,24,1.119394127254125,1.060815906442508,1.022121872191946
CAN,25,1.0893249804431606,1.0365033731125066,1.022121872191946
CAN,26,1.0544400748113623,1.0182704221608183,1.022121872191946
CAN,27,1.0665590117514179,1.0372018984444138,1.022121872191946
CAN,28,1.0475604475077744,1.0279431965651418,1.022121872191946
CAN,29T30,1.0569866263512027,1.0314059154414583,1.022121872191946
CAN,31T33,1.0376234535231148,1.0262851670871342,1.022121872191946
CAN,35,0.9085904989164657,1.0085518755112093,1.022121872191946
CAN,36T39,0.9997765309329503,1.0114814486169645,1.022121872191946
CAN,41T43,1.0101235928712435,1.0301163330236358,1.022121872191946
CAN,45T47,1.0197854786180502,1.0066313854574678,1.022121872191946
CAN,49,0.9193268940653203,1.022736826464944,1.022121872191946
CAN,50,0.8039034736970347,1.0523181109603459,1.022121872191946
CAN,51,0.7781329813588034,1.0279395558779683,1.022121872191946
CAN,52,0.9744388573577065,1.019095708842349,1.022121872191946
CAN,53,1.014219812122464,1.0194093484392246,1.022121872191946
CAN,55T56,1.0212005669333089,1.0278075842932037,1.022121872191946
CAN,58T60,1.0343570419359165,1.012253925575882,1.022121872191946
CAN,61,1.0140210439998791,1.0067863469877474,1.022121872191946
CAN,62T63,1.0195731743243832,1.0052490360462347,1.022121872191946
CAN,64T66,1.0083625355994512,1.0052591387614402,1.022121872191946
CAN,68,1.0217262538954415,1.0016579725979124,1.022121872191946
CAN,69T75,1.0041216792927912,1.0073009151256114,1.022121872191946
CAN,77T82,1.0029357642541996,1.0092703355763282,1.022121872191946
CAN,84,1.0213391848903222,1.0089540480880972,1.022121872191946
CAN,85,1.0250440963599918,1.0044934536549057,1.022121872191946
CAN,86T88,1.0182500265820442,1.0064587367731053,1.022121872191946
CAN,90T93,1.0212897491674582,1.0132649540352654,1.022121872191946
CAN,94T98,1.0140447642072468,1.0116153296535162,1.022121872191946
CHE,01T02,1.0946347858191312,1.0626697584821234,1.0590047010662365
CHE,03,1.028943029272779,1.0378197711721648,1.0590047010662365
CHE,05T06,0.9668816835388787,1.053861329898576,1.0590047010662365
CHE,07T08,1.090123419808461,1.0529684924826268,1.0590047010662365
CHE,10T12,1.0653788875593913,1.0649967674418372,1.0590047010662365
CHE,13T15,1.0211566344566485,1.0465925221905357,1.0590047010662365
CHE,16,1.0881379816750085,1.0522864526077198,1.0590047010662365
CHE,17T18,1.0372242332584587,1.0507438818789732,1.0590047010662365
CHE,19,1.0532243901232476,1.0646501137381406,1.0590047010662365
CHE,20,1.1019900245597014,1.0551928864640612,1.0590047010662365
CHE,21,1.0374115900638679,1.0477564225797034,1.0590047010662365
CHE,22,1.0873754125715922,1.0545848936953732,1.0590047010662365
CHE,23,1.0501183963967227,1.0613241102834394,1.0590047010662365
CHE,24,1.4551163308968427,1.0663953634827446,1.0590047010662365
CHE,25,1.0685216135345814,1.0518513785981722,1.0590047010662365
CHE,26,1.0302335150807342,1.0488417784256543,1.0590047010662365
CHE,27,1.0451192400091431,1.0543046230818998,1.0590047010662365
CHE,28,1.0358569353468166,1.0499810635187736,1.0590047010662365
CHE,29T30,1.0326874920812728,1.0486000331034677,1.0590047010662365
CHE,31T33,1.1026176615299543,1.0498902883053027,1.0590047010662365
CHE,35,1.1151191273664685,1.053353891886682,1.0590047010662365
CHE,36T39,1.0611787192206288,1.0490311742131162,1.0590047010662365
CHE,41T43,1.0563753376538854,1.0519066996048818,1.0590047010662365
CHE,45T47,1.0230925053457838,1.0483161049250622,1.0590047010662365
CHE,49,1.0453001638089443,1.0508329055662533,1.0590047010662365
CHE,50,1.0506956580465967,1.061686420604233,1.0590047010662365
CHE,51,0.9854922163505535,1.0568059899107485,1.0590047010662365
CHE,52,1.0068078083136485,1.0540509408474052,1.0590047010662365
CHE,53,1.0291843395087408,1.0452974603602945,1.0590047010662365
CHE,55T56,1.0364963776459866,1.0508957796078486,1.0590047010662365
CHE,58T60,0.9943767087837462,1.0439157615481516,1.0590047010662365
CHE,61,1.0333572800018662,1.0431451521626232,1.0590047010662365
CHE,62T63,1.0027894986153583,1.0388303144030289,1.0590047010662365
CHE,64T66,1.0146002737989037,1.0417773192454487,1.0590047010662365
CHE,68,1.0524613184548273,1.0427246448092828,1.0590047010662365
CHE,69T75,1.029752687269197,1.0435748088782044,1.0590047010662365
CHE,77T82,1.036422516624796,1.04420723000246,1.0590047010662365
CHE,84,1.052752449185671,1.0447719124157164,1.0590047010662365
CHE,85,1.0462470699117274,1.0472396558299868,1.0590047010662365
CHE,86T88,1.0571933745439834,1.0447930236767204,1.0590047010662365
CHE,90T93,1.0387097674703314,1.0447374479530604,1.0590047010662365
CHE,94T98,1.0504680387815197,1.043756717302359,1.0590047010662365
CHL,01T02,1.0541782285334507,1.0799558011388284,1.0831809767355616
CHL,03,1.038188287707547,1.0745783308314043,1.0831809767355616
CHL,05T06,0.5385109136570263,1.0667223487890085,1.0831809767355616
CHL,07T08,0.9063676849198127,1.076471426758222,1.0831809767355616
CHL,10T12,1.064467449482965,1.0877455320122253,1.0831809767355616
CHL,13T15,0.9897728845744057,1.069124741148716,1.0831809767355616
CHL,16,1.0006971210954116,1.0922064973494514,1.0831809767355616
CHL,17T18,0.9325525357410117,1.0935271000111362,1.0831809767355616
CHL,19,0.9643503664262544,1.117520024170136,1.0831809767355616
CHL,20,0.9955558046325514,1.0898162446457995,1.0831809767355616
CHL,21,1.0307130609659192,1.068542826728852,1.0831809767355616
CHL,22,0.8868256125094803,1.0845876269592996,1.0831809767355616
CHL,23,0.9665757898022495,1.1090112560551963,1.0831809767355616
CHL,24,1.4377375094085065,1.086436957404373,1.0831809767355616
CHL,25,1.0475458281684968,1.082903517436731,1.0831809767355616
CHL,26,1.0548724696652312,1.0676824163284961,1.0831809767355616
CHL,27,1.0200881598288163,1.081110175219082,1.0831809767355616
CHL,28,1.0190894841380764,1.079225170028863,1.0831809767355616
CHL,29T30,1.0093036561058986,1.0698226556110317,1.0831809767355616
CHL,31T33,0.9842498253117687,1.0717661429656218,1.0831809767355616
CHL,35,0.8697724284277228,1.1536312178616484,1.0831809767355616
CHL,36T39,1.0664512773055008,1.0704235660642019,1.0831809767355616
CHL,41T43,1.0743749916838978,1.0757513205706222,1.0831809767355616
CHL,45T47,1.0266023011829564,1.0642608451348037,1.0831809767355616
CHL,49,0.9824281752162745,1.0734740726572745,1.0831809767355616
CHL,50,0.7394342340643439,1.0703463721514521,1.0831809767355616
CHL,51,0.7630914227790228,1.069136008089561,1.0831809767355616
CHL,52,1.0029583676283982,1.0624915826576622,1.0831809767355616
CHL,53,1.0294180903697903,1.070111496812277,1.0831809767355616
CHL,55T56,1.0559541887497168,1.0711922194615933,1.0831809767355616
CHL,58T60,1.0218795071491165,1.0655473492073781,1.0831809767355616
CHL,61,1.063399859004669,1.066231716712182,1.0831809767355616
CHL,62T63,1.0249762015675246,1.0580020491543203,1.0831809767355616
CHL,64T66,1.0471696990310007,1.057872398028246,1.0831809767355616
CHL,68,1.065148373178346,1.0584076961234727,1.0831809767355616
CHL,69T75,1.0504167163894693,1.0582765323425634,1.0831809767355616
CHL,77T82,1.0246178985814083,1.0584808648269342,1.0831809767355616
CHL,84,1.079240248999332,1.0615707797478502,1.0831809767355616
CHL,85,1.0813501210053555,1.059656646221763,1.0831809767355616
CHL,86T88,1.0791296970363602,1.0622061072038336,1.0831809767355616
CHL,90T93,1.0652704335569807,1.0585887710171042,1.0831809767355616
CHL,94T98,1.0608782792414815,1.060245713754881,1.0831809767355616
CHN,01T02,0.9633188138745945,1.0483992834630929,1.0508328776736173
CHN,03,1.0268744716064186,1.0287566996671407,1.0508328776736173
CHN,05T06,0.7297925947079437,1.073856478845216,1.0508328776736173
CHN,07T08,0.7409725129361617,1.0981600746384361,1.0508328776736173
CHN,10T12,1.0196324131114367,1.0651169093496062,1.0508328776736173
CHN,13T15,0.9951038257217436,1.05419731248712,1.0508328776736173
CHN,16,0.9892319635700453,1.0721601064337007,1.0508328776736173
CHN,17T18,0.9942433536772423,1.0614286918480167,1.0508328776736173
CHN,19,0.8402652312692058,1.0632974534696626,1.0508328776736173
CHN,20,0.9004576204208143,1.0882804600619642,1.0508328776736173
CHN,21,0.9986465451325036,1.048426003865846,1.0508328776736173
CHN,22,0.952454130387376,1.0823975413871092,1.0508328776736173
CHN,23,0.8631762086237111,1.1059904044812625,1.0508328776736173
CHN,24,0.8018981699067477,1.1281953873463135,1.0508328776736173
CHN,25,0.9714045016975215,1.107597592863074,1.0508328776736173
CHN,26,1.0127865514611758,1.0505823461027155,1.0508328776736173
CHN,27,0.9778086837467255,1.0916071158007146,1.0508328776736173
CHN,28,0.9899965594389455,1.079521779191821,1.0508328776736173
CHN,29T30,1.02012078985145,1.0575907373090532,1.0508328776736173
CHN,31T33,0.9761204861548259,1.056336207610336,1.0508328776736173
CHN,35,0.6032744599837603,1.1532970007722472,1.0508328776736173
CHN,36T39,0.9461783315549676,1.0589236019688004,1.0508328776736173
CHN,41T43,1.0466661100131744,1.100859003021597,1.0508328776736173
CHN,45T47,1.0082319763045466,1.002404415740215,1.0508328776736173
CHN,49,0.9645160365935717,1.0343018201323273,1.0508328776736173
CHN,50,0.7606352230068165,1.0605281836247513,1.0508328776736173
CHN,51,0.933858865319569,1.0408170762717193,1.0508328776736173
CHN,52,0.9379216197685609,1.0411341142178703,1.0508328776736173
CHN,53,0.9818894392471545,1.023321416346855,1.0508328776736173
CHN,55T56,1.020044175850453,1.0327864939480296,1.0508328776736173
CHN,58T60,1.0400944158729521,1.0164583826026572,1.0508328776736173
CHN,61,1.025049412697347,1.0215614918538003,1.0508328776736173
CHN,62T63,1.0419524139653271,0.9958837974551742,1.0508328776736173
CHN,64T66,0.9905016796943115,0.9849635108591802,1.0508328776736173
CHN,68,1.0417331203479558,0.9865357170268602,1.0508328776736173
CHN,69T75,1.0037450885719716,1.0199866018162147,1.0508328776736173
CHN,77T82,0.9981299690765639,1.0178763429850481,1.0508328776736173
CHN,84,1.0500707158178848,0.9977304197184155,1.0508328776736173
CHN,85,1.0517517216230443,0.9953956054788486,1.0508328776736173
CHN,86T88,1.0480505655573815,1.0066558044083151,1.0508328776736173
CHN,90T93,1.0431793893434098,0.9997968246170521,1.0508328776736173
CHN,94T98,1.037427701579661,1.0039283758309614,1.0508328776736173
COL,01T02,0.5906421847870761,1.0217022327568983,1.0196885084602982
COL,03,1.0137334812078342,1.0486135837165516,1.0196885084602982
COL,05T06,0.8792078014361557,1.0089012661771692,1.0196885084602982
COL,07T08,0.9482978046368373,0.997106279271165,1.0196885084602982
COL,10T12,0.9569662914736173,1.1373159745007433,1.0196885084602982
COL,13T15,1.0265685094290555,1.008688259451211,1.0196885084602982
COL,16,0.9787864299445338,1.0742830107488635,1.0196885084602982
COL,17T18,0.9881283825359769,1.016737740191219,1.0196885084602982
COL,19,0.9068101476430322,1.0445220480492292,1.0196885084602982
COL,20,1.0730381743021615,1.0227462868831323,1.0196885084602982
COL,21,1.07198046794272,1.0023833039719243,1.0196885084602982
COL,22,1.0946575553090954,1.027802549129841,1.0196885084602982
COL,23,0.937818888571563,1.018836671358006,1.0196885084602982
COL,24,1.1165406766956694,1.0429160205346337,1.0196885084602982
COL,25,1.0552301338258774,1.0268393893616863,1.0196885084602982
COL,26,1.0473640094624028,1.018103010316896,1.0196885084602982
COL,27,1.0614364824692124,1.0255808803926323,1.0196885084602982
COL,28,1.0455719509163302,1.022691734155293,1.0196885084602982
COL,29T30,1.0747204849643712,1.0114880014227317,1.0196885084602982
COL,31T33,1.0431209623495836,1.0077618561584756,1.0196885084602982
COL,35,0.9113908706925038,1.0227012376929263,1.0196885084602982
COL,36T39,1.006858558556612,0.9940756319010264,1.0196885084602982
COL,41T43,1.0153460165448562,1.0194198390262303,1.0196885084602982
COL,45T47,1.006131015322172,0.9884874916830929,1.0196885084602982
COL,49,0.9575613081619319,1.0039928701349607,1.0196885084602982
COL,50,0.9375636092209452,1.0031238502607491,1.0196885084602982
COL,51,0.9734982653345404,1.0125482283811844,1.0196885084602982
COL,52,1.005089541611012,0.9848373920738394,1.0196885084602982
COL,53,1.0147092168503875,0.9953313146949344,1.0196885084602982
COL,55T56,1.0198666874510511,1.0305828051115544,1.0196885084602982
COL,58T60,1.0558137600310025,0.9892820795443362,1.0196885084602982
COL,61,1.0208527078640977,0.9819768551996011,1.0196885084602982
COL,62T63,1.034732278919195,0.9800563766393094,1.0196885084602982
COL,64T66,1.0220947273170324,0.9815630935742956,1.0196885084602982
COL,68,1.0196895185518016,0.9748638240081887,1.0196885084602982
COL,69T75,1.020242936058516,0.9808434323320938,1.0196885084602982
COL,77T82,1.0119092816919897,0.9790671629660358,1.0196885084602982
COL,84,1.0197797808323004,0.9875431791089507,1.0196885084602982
COL,85,1.0207530455201828,0.981317991557756,1.0196885084602982
COL,86T88,1.0182969893324378,0.9875348542667157,1.0196885084602982
COL,90T93,1.0244049218719173,0.9841133454684515,1.0196885084602982
COL,94T98,1.0198832438501713,0.9843289588429209,1.0196885084602982
CRI,01T02,1.0452188754383782,1.0563253117580127,1.0541385108907018
CRI,03,1.000362329493978,1.0565732045978822,1.0541385108907018
CRI,05T06,1.0540163820580324,1.050203071125611,1.0541385108907018
CRI,07T08,0.9956456720987328,1.0489115827083397,1.0541385108907018
CRI,10T12,1.0409622831112961,1.0750286538543503,1.0541385108907018
CRI,13T15,0.9557049382115028,1.043502258588063,1.0541385108907018
CRI,16,1.0010056869279689,1.0645474739373058,1.0541385108907018
CRI,17T18,1.0019439693372345,1.0487693857066338,1.0541385108907018
CRI,19,1.0293843214584713,1.0568608595379105,1.0541385108907018
CRI,20,1.1385377771953906,1.0568931735835676,1.0541385108907018
CRI,21,0.9794545402743453,1.0478291297591267,1.0541385108907018
CRI,22,1.1415185826811298,1.0639033555887802,1.0541385108907018
CRI,23,0.9477897056138906,1.0603403584838584,1.0541385108907018
CRI,24,1.2496023794930609,1.0791756636951466,1.0541385108907018
CRI,25,1.0241137281433657,1.0593798854663818,1.0541385108907018
CRI,26,1.0311320922670184,1.0438488308429572,1.0541385108907018
CRI,27,1.0416100225359468,1.0564595399504555,1.0541385108907018
CRI,28,1.0246867640824662,1.0562704045272433,1.0541385108907018
CRI,29T30,1.0381067546152094,1.0522033287576182,1.0541385108907018
CRI,31T33,1.059831177495481,1.0483797867727973,1.0541385108907018
CRI,35,1.0617164485061232,1.0399311493142918,1.0541385108907018
CRI,36T39,1.048694208879408,1.0413793881141482,1.0541385108907018
CRI,41T43,1.0465352814681341,1.0626520638484185,1.0541385108907018
CRI,45T47,1.0162444305450005,1.0417060803676759,1.0541385108907018
CRI,49,0.9988502117907857,1.0444780529907571,1.0541385108907018
CRI,50,0.8230652666117841,1.056486831247844,1.0541385108907018
CRI,51,1.1558394477023053,1.050945189450233,1.0541385108907018
CRI,52,0.9998169252124567,1.0478053236131535,1.0541385108907018
CRI,53,1.0466866000853665,1.0413168006582996,1.0541385108907018
CRI,55T56,1.0282742002116874,1.0513919024132916,1.0541385108907018
CRI,58T60,1.0121297003198435,1.0463022989199795,1.0541385108907018
CRI,61,1.0303826029354075,1.0403805966142357,1.0541385108907018
CRI,62T63,1.016371307736318,1.0381636252312703,1.0541385108907018
CRI,64T66,1.0345922725215582,1.0381882992596823,1.0541385108907018
CRI,68,1.048740478755513,1.0403306874616092,1.0541385108907018
CRI,69T75,1.0224384690125505,1.0398272805632016,1.0541385108907018
CRI,77T82,1.0270723778503628,1.0395411204132146,1.0541385108907018
CRI,84,1.053101473544578,1.0392654861342978,1.0541385108907018
CRI,85,1.0515963884553168,1.0401947984928699,1.0541385108907018
CRI,86T88,1.0515474303885726,1.0409275553122452,1.0541385108907018
CRI,90T93,1.0219658125085012,1.0418005482267891,1.0541385108907018
CRI,94T98,1.0453358454842816,1.0418381317203693,1.0541385108907018
CYP,01T02,1.0936235652789763,1.0440910829419423,1.0387542424370297
CYP,03,1.0217566640450677,1.031514743902641,1.0387542424370297
CYP,05T06,0.8574980344971949,1.061539429758789,1.0387542424370297
CYP,07T08,0.886025835879661,1.0792694316464209,1.0387542424370297
CYP,10T12,1.049404598828127,1.0604374099968725,1.0387542424370297
CYP,13T15,1.068322210746979,1.0339956250904339,1.0387542424370297
CYP,16,1.0700174857139768,1.0400842821420944,1.0387542424370297
CYP,17T18,1.0333249541799663,1.0393721519615642,1.0387542424370297
CYP,19,0.29931542003923506,1.0288740857220722,1.0387542424370297
CYP,20,1.1599236289966477,1.0449901019811485,1.0387542424370297
CYP,21,1.050629325723091,1.0399312469744695,1.0387542424370297
CYP,22,1.0441588374758846,1.0600490144139385,1.0387542424370297
CYP,23,0.5952841447143857,1.1269005118557973,1.0387542424370297
CYP,24,1.268338286748774,1.065609706960468,1.0387542424370297
CYP,25,1.0285266145779521,1.0601414648163283,1.0387542424370297
CYP,26,1.0016192655816964,1.068696147337129,1.0387542424370297
CYP,27,1.068376504375611,1.041213943344677,1.0387542424370297
CYP,28,1.047794736143982,1.040938725278968,1.0387542424370297
CYP,29T30,1.0505840880724135,1.040684983794401,1.0387542424370297
CYP,31T33,1.0383849829919403,1.0390369588410835,1.0387542424370297
CYP,35,0.7179282485962444,1.0442632313262252,1.0387542424370297
CYP,36T39,1.022921304348478,1.0584689642671055,1.0387542424370297
CYP,41T43,1.0217172014445164,1.0550493122071196,1.0387542424370297
CYP,45T47,1.0138870259229504,1.0318780396794696,1.0387542424370297
CYP,49,0.989032853284272,1.0338297348247276,1.0387542424370297
CYP,50,1.2149063644230085,1.0251552192273015,1.0387542424370297
CYP,51,0.8838479154007426,1.0371567627142528,1.0387542424370297
CYP,52,1.0004797343727694,1.0298108962018475,1.0387542424370297
CYP,53,1.0029886537378254,1.0308974655963008,1.0387542424370297
CYP,55T56,1.0135388045740656,1.0413414120093047,1.0387542424370297
CYP,58T60,1.00544921812508,1.0249198574574934,1.0387542424370297
CYP,61,1.0053956225232759,1.0293053370364547,1.0387542424370297
CYP,62T63,0.9681451939379903,1.0182634038708422,1.0387542424370297
CYP,64T66,0.9841242628891634,1.0188423335084444,1.0387542424370297
CYP,68,1.0266359018549918,1.0215164458438541,1.0387542424370297
CYP,69T75,1.0117017532235428,1.0219155686353694,1.0387542424370297
CYP,77T82,1.0066070055138605,1.0241896966592237,1.0387542424370297
CYP,84,1.0365036169743598,1.0264783506528126,1.0387542424370297
CYP,85,1.0347109275562305,1.0218497817446415,1.0387542424370297
CYP,86T88,1.0335941403148363,1.0302984301433997,1.0387542424370297
CYP,90T93,1.028004221588298,1.029594545392746,1.0387542424370297
CYP,94T98,1.029080162189967,1.0261685502390034,1.0387542424370297
CZE,01T02,1.0095734191569825,1.0543485398223398,1.0606000526359094
CZE,03,0.9855953588682163,1.0775924033930473,1.0606000526359094
CZE,05T06,0.7118555517359024,1.049689656074224,1.0606000526359094
CZE,07T08,0.9303764408143048,1.058645746749174,1.0606000526359094
CZE,10T12,1.036409010207423,1.0720060057717071,1.0606000526359094
CZE,13T15,0.9735664932523989,1.0541254607900459,1.0606000526359094
CZE,16,1.0081041032895237,1.0700625879863508,1.0606000526359094
CZE,17T18,1.0000311268304751,1.0587961650066409,1.0606000526359094
CZE,19,0.8607190276415395,1.0972315612512002,1.0606000526359094
CZE,20,0.9539695315910892,1.0589781917913395,1.0606000526359094
CZE,21,0.986549925298715,1.0425705132649883,1.0606000526359094
CZE,22,1.0709296146713916,1.0552956520154402,1.0606000526359094
CZE,23,0.9035893467124456,1.0794156336584535,1.0606000526359094
CZE,24,0.9248465118078908,1.0830293777381794,1.0606000526359094
CZE,25,1.0315499985903454,1.056727266887422,1.0606000526359094
CZE,26,1.0247979742080273,1.0542221737783415,1.0606000526359094
CZE,27,1.0317534864780709,1.0573212176787954,1.0606000526359094
CZE,28,1.0163351939049148,1.0587695230049157,1.0606000526359094
CZE,29T30,1.0338634365800954,1.0491502300959747,1.0606000526359094
CZE,31T33,1.0495268915815146,1.0457859328492145,1.0606000526359094
CZE,35,0.7288100019373596,1.0978432495225317,1.0606000526359094
CZE,36T39,1.0018465534875638,1.0469247123671088,1.0606000526359094
CZE,41T43,1.0427810348457673,1.0458748753138483,1.0606000526359094
CZE,45T47,1.0136536809495427,1.0348261422223297,1.0606000526359094
CZE,49,0.9683717596227854,1.0417091056572807,1.0606000526359094
CZE,50,0.8796848006134416,1.0529597245117428,1.0606000526359094
CZE,51,1.0531164889767097,1.057671970797582,1.0606000526359094
CZE,52,0.994889467371232,1.04463743861641,1.0606000526359094
CZE,53,1.0247155219074022,1.03258318791154,1.0606000526359094
CZE,55T56,1.041691011969963,1.0422220450695643,1.0606000526359094
CZE,58T60,1.033284909306324,1.031202435791972,1.0606000526359094
CZE,61,1.033854613606629,1.0294809818851987,1.0606000526359094
CZE,62T63,1.031345175236228,1.0234044952766055,1.0606000526359094
CZE,64T66,1.0247899536588005,1.025849773886086,1.0606000526359094
CZE,68,1.0476240402290005,1.0396054304970903,1.0606000526359094
CZE,69T75,1.0216165994341755,1.033085263809304,1.0606000526359094
CZE,77T82,1.0200773584833582,1.0402829133136817,1.0606000526359094
CZE,84,1.0557054287770091,1.031348217388543,1.0606000526359094
CZE,85,1.0569059433949757,1.0291884637067816,1.0606000526359094
CZE,86T88,1.0574587598466088,1.0344166632294183,1.0606000526359094
CZE,90T93,1.0494041586489327,1.0366865277669701,1.0606000526359094
CZE,94T98,1.047202408187448,1.0326780024127222,1.0606000526359094
DEU,01T02,0.9478987566117467,1.0580016195270325,1.0586045238219368
DEU,03,1.0206922759543666,1.0454426555643574,1.0586045238219368
DEU,05T06,0.8177233652918063,1.0574564296517,1.0586045238219368
DEU,07T08,0.9868762172970039,1.044396643506133,1.0586045238219368
DEU,10T12,1.048242398005982,1.07254732810012,1.0586045238219368
DEU,13T15,1.006393062687334,1.050503619435271,1.0586045238219368
DEU,16,1.0364503595802026,1.0710896945555304,1.0586045238219368
DEU,17T18,1.0146771892062978,1.0550274193832307,1.0586045238219368
DEU,19,0.9684285022140805,1.0669002821404605,1.0586045238219368
DEU,20,1.0399138857184946,1.0575584608460844,1.0586045238219368
DEU,21,1.0208649163160526,1.0458614603959993,1.0586045238219368
DEU,22,1.0738387329153167,1.0556236505255125,1.0586045238219368
DEU,23,1.0270777959729052,1.0607554957801713,1.0586045238219368
DEU,24,0.9842149202069699,1.0824581900520387,1.0586045238219368
DEU,25,1.0560326706460246,1.0558321816074745,1.0586045238219368
DEU,26,1.0358271650120519,1.0458131065655702,1.0586045238219368
DEU,27,1.0544521716258617,1.049757229457138,1.0586045238219368
DEU,28,1.038671371034737,1.0493984277911634,1.0586045238219368
DEU,29T30,1.039508018839682,1.0487483500329338,1.0586045238219368
DEU,31T33,1.0634266936577503,1.049181301493191,1.0586045238219368
DEU,35,0.8924310691819537,1.0732860486582598,1.0586045238219368
DEU,36T39,1.0386972408471533,1.0450142548380896,1.0586045238219368
DEU,41T43,1.0477728935866393,1.0507614857741994,1.0586045238219368
DEU,45T47,1.0233736985145419,1.043437345944696,1.0586045238219368
DEU,49,1.0312585749985808,1.0474230390557233,1.0586045238219368
DEU,50,1.0800014932946898,1.0650432112105994,1.0586045238219368
DEU,51,0.8998551432154793,1.0540908565604663,1.0586045238219368
DEU,52,1.0165460101576138,1.0463501718521344,1.0586045238219368
DEU,53,1.0253588008986658,1.045779222677479,1.0586045238219368
DEU,55T56,1.039946041586935,1.0495137650297564,1.0586045238219368
DEU,58T60,1.0250360959578213,1.0410692725770831,1.0586045238219368
DEU,61,1.0365743603954587,1.042109699707467,1.0586045238219368
DEU,62T63,1.0183799160144213,1.0365839575820206,1.0586045238219368
DEU,64T66,1.032825877820712,1.0387367755070418,1.0586045238219368
DEU,68,1.0487119674278091,1.0388635076589792,1.0586045238219368
DEU,69T75,1.0278411602888322,1.039543218510455,1.0586045238219368
DEU,77T82,1.032355236043686,1.0426226697928693,1.0586045238219368
DEU,84,1.0507557569133448,1.041135138741391,1.0586045238219368
DEU,85,1.05594591315409,1.0380573989520008,1.0586045238219368
DEU,86T88,1.0569515853747675,1.0415591762379326,1.0586045238219368
DEU,90T93,1.0489118519157066,1.040825370858864,1.0586045238219368
DEU,94T98,1.0523594112395815,1.0406280916054058,1.0586045238219368
DNK,01T02,0.9439331467945004,1.064915395992438,1.0515863263884329
DNK,03,0.9469255992922047,1.0451393247624132,1.0515863263884329
DNK,05T06,0.9298760209375153,1.043309751072145,1.0515863263884329
DNK,07T08,0.9776997045608599,1.057750767309261,1.0515863263884329
DNK,10T12,1.039921314174427,1.069034088161781,1.0515863263884329
DNK,13T15,1.025973802286966,1.0461355090517241,1.0515863263884329
DNK,16,1.0942399101584015,1.0588540779400408,1.0515863263884329
DNK,17T18,1.0644436853541637,1.0461959641871958,1.0515863263884329
DNK,19,0.9794400525727065,1.0681009793762808,1.0515863263884329
DNK,20,1.127033671859316,1.0482924094203063,1.0515863263884329
DNK,21,1.0604815849643774,1.038829200266812,1.0515863263884329
DNK,22,1.0956582811629816,1.0499431087653242,1.0515863263884329
DNK,23,0.9926504306195177,1.0570727758772944,1.0515863263884329
DNK,24,1.3173631686474059,1.0661407638277984,1.0515863263884329
DNK,25,1.0577551405951147,1.052457652643001,1.0515863263884329
DNK,26,1.037672894170992,1.0429558065195108,1.0515863263884329
DNK,27,1.0619180862284021,1.04582160925376,1.0515863263884329
DNK,28,1.0389339118220824,1.0476949317356268,1.0515863263884329
DNK,29T30,1.035017010354712,1.0486475459223321,1.0515863263884329
DNK,31T33,1.080083031021863,1.0454272874792425,1.0515863263884329
DNK,35,0.9274607685224016,1.050664751959178,1.0515863263884329
DNK,36T39,1.042744660534763,1.0406743920518566,1.0515863263884329
DNK,41T43,1.0428973490483477,1.0483228396133737,1.0515863263884329
DNK,45T47,1.0257642819429742,1.0389414946305777,1.0515863263884329
DNK,49,0.9986362656799591,1.0553962247352513,1.0515863263884329
DNK,50,0.9637225830948536,1.047295010676481,1.0515863263884329
DNK,51,0.9999041156460575,1.0453581129818985,1.0515863263884329
DNK,52,0.9936269896544252,1.0416461528542638,1.0515863263884329
DNK,53,1.023421198153736,1.0415375195087613,1.0515863263884329
DNK,55T56,1.0384093083365669,1.047153419040293,1.0515863263884329
DNK,58T60,1.0252124738060742,1.0373676524665145,1.0515863263884329
DNK,61,1.0275146603198055,1.0389692646733382,1.0515863263884329
DNK,62T63,1.0186909640688078,1.0368571626520664,1.0515863263884329
DNK,64T66,1.0298781771126257,1.0354634307088155,1.0515863263884329
DNK,68,1.0451695771328124,1.0371490320279755,1.0515863263884329
DNK,69T75,1.0266553838374903,1.0376271341924617,1.0515863263884329
DNK,77T82,1.0267053238574095,1.044478580599686,1.0515863263884329
DNK,84,1.0495004386859401,1.0379857334578013,1.0515863263884329
DNK,85,1.0500229013984912,1.0372857977872616,1.0515863263884329
DNK,86T88,1.0509062469228996,1.038424137859059,1.0515863263884329
DNK,90T93,1.046326006334005,1.0391017914898508,1.0515863263884329
DNK,94T98,1.0434197381202939,1.0379339886161676,1.0515863263884329
ESP,01T02,1.0778625941467193,1.0521232920616013,1.0557456504901188
ESP,03,0.9926398214517307,1.0478674592212613,1.0557456504901188
ESP,05T06,0.4759587730270594,1.0418496323671094,1.0557456504901188
ESP,07T08,0.9520128245512269,1.0577162173438974,1.0557456504901188
ESP,10T12,1.0476479753382497,1.0757129147914495,1.0557456504901188
ESP,13T15,1.0206729277188045,1.046772667848312,1.0557456504901188
ESP,16,1.0382921282792505,1.0578525315853944,1.0557456504901188
ESP,17T18,1.0196580095803969,1.0560415756336579,1.0557456504901188
ESP,19,0.9649344206657838,1.0784908644054798,1.0557456504901188
ESP,20,1.0159497978906409,1.0652153698954725,1.0557456504901188
ESP,21,0.9974467862244558,1.0512694153252735,1.0557456504901188
ESP,22,1.067100624107296,1.0580093960295363,1.0557456504901188
ESP,23,0.9493564815654065,1.0697160858441994,1.0557456504901188
ESP,24,1.1240775847564177,1.0705381644534613,1.0557456504901188
ESP,25,1.0307229696383005,1.063988763960111,1.0557456504901188
ESP,26,1.0332449441539362,1.0471282821333388,1.0557456504901188
ESP,27,1.0307388482942235,1.0593135353634373,1.0557456504901188
ESP,28,1.0240658627165677,1.055112493461135,1.0557456504901188
ESP,29T30,1.0272559140964315,1.0541215341048649,1.0557456504901188
ESP,31T33,1.0587198591113343,1.0476682895426568,1.0557456504901188
ESP,35,0.940355547213187,1.0651850692705414,1.0557456504901188
ESP,36T39,1.0480819388367755,1.0482661904694717,1.0557456504901188
ESP,41T43,1.046667808702359,1.0511035772007435,1.0557456504901188
ESP,45T47,1.0288054663980335,1.0424107507274567,1.0557456504901188
ESP,49,0.9882283985681094,1.0505531971527455,1.0557456504901188
ESP,50,0.5091203390531687,1.047585109764822,1.0557456504901188
ESP,51,0.8899431106211273,1.054193972301343,1.0557456504901188
ESP,52,1.0104875143402337,1.0486258383340445,1.0557456504901188
ESP,53,1.0214335038219444,1.0445844557995927,1.0557456504901188
ESP,55T56,1.0435847086682055,1.0476360439771935,1.0557456504901188
ESP,58T60,1.0192460548928848,1.041332666596758,1.0557456504901188
ESP,61,1.028909139030781,1.045409807390488,1.0557456504901188
ESP,62T63,1.010010893398973,1.0410272164475969,1.0557456504901188
ESP,64T66,1.032702787441753,1.0376218802587154,1.0557456504901188
ESP,68,1.0485740326008053,1.0365849713971498,1.0557456504901188
ESP,69T75,1.0262351525021254,1.0410623521759546,1.0557456504901188
ESP,77T82,1.0219274410271628,1.0427922397729374,1.0557456504901188
ESP,84,1.0492192805845941,1.0404717212298331,1.0557456504901188
ESP,85,1.0516924476579668,1.0379065942756853,1.0557456504901188
ESP,86T88,1.0527794273985835,1.040989150695464,1.0557456504901188
ESP,90T93,1.045598313891769,1.040832419253775,1.0557456504901188
ESP,94T98,1.0478850227145136,1.038547127646188,1.0557456504901188
EST,01T02,0.7083199062013661,1.0735323622798028,1.0350712567753424
EST,03,1.0310079267727694,1.0203012230074198,1.0350712567753424
EST,05T06,0.4157228347894757,1.0365141648825016,1.0350712567753424
EST,07T08,0.6168850933943947,1.0419499318092897,1.0350712567753424
EST,10T12,1.0057278835681893,1.0825081424036356,1.0350712567753424
EST,13T15,1.0659611245640108,1.0329632862839857,1.0350712567753424
EST,16,0.8361101115941386,1.101758835089619,1.0350712567753424
EST,17T18,0.9504511494347998,1.0761331125642288,1.0350712567753424
EST,19,0.14395045382744634,1.1110337356105886,1.0350712567753424
EST,20,1.0546236859412137,1.0654937037559749,1.0350712567753424
EST,21,1.0865030081079787,1.0235534797479118,1.0350712567753424
EST,22,1.0737366303164793,1.0478258603139499,1.0350712567753424
EST,23,0.9553913647140385,1.0614649780394663,1.0350712567753424
EST,24,1.2269779174431734,1.0912123907500355,1.0350712567753424
EST,25,1.0360801029757305,1.0508311694931087,1.0350712567753424
EST,26,1.0310283060977337,1.034570189593561,1.0350712567753424
EST,27,1.0753209893475781,1.0366346780240914,1.0350712567753424
EST,28,1.036515236497153,1.0397969005825587,1.0350712567753424
EST,29T30,1.0614463628449295,1.0318455033833829,1.0350712567753424
EST,31T33,1.0441277385651586,1.0409758987088946,1.0350712567753424
EST,35,0.5790102179651165,1.0941686608432803,1.0350712567753424
EST,36T39,1.0391586372124932,1.0467652189793515,1.0350712567753424
EST,41T43,1.0218670671626269,1.038578987462202,1.0350712567753424
EST,45T47,1.0132037566223984,1.0128107822032872,1.0350712567753424
EST,49,0.9816826248086791,1.0157610846705558,1.0350712567753424
EST,50,0.942212021205081,1.0236926060880525,1.0350712567753424
EST,51,1.206518283272617,1.0426107087856138,1.0350712567753424
EST,52,0.9857817448684357,1.0312621193207707,1.0350712567753424
EST,53,1.0461222704504274,1.0142405984018614,1.0350712567753424
EST,55T56,1.0380081631014473,1.033360103928147,1.0350712567753424
EST,58T60,1.0467747243728862,1.0126584061813437,1.0350712567753424
EST,61,1.0442811894331852,1.0053014613693008,1.0350712567753424
EST,62T63,1.0488875686988792,0.999635896753653,1.0350712567753424
EST,64T66,1.0288916903174554,0.9978579144103349,1.0350712567753424
EST,68,1.0260272348477835,1.007748545616705,1.0350712567753424
EST,69T75,1.0285227461936581,1.007344986851483,1.0350712567753424
EST,77T82,1.015607049051864,1.0088623887746668,1.0350712567753424
EST,84,1.0339450319436687,1.0055969589002445,1.0350712567753424
EST,85,1.0349262742137828,1.0096108525537526,1.0350712567753424
EST,86T88,1.0342443424159427,1.0087505611310916,1.0350712567753424
EST,90T93,1.0309703157930425,1.0199269204433388,1.0350712567753424
EST,94T98,1.0244910191728749,1.0250618798795668,1.0350712567753424
FIN,01T02,0.920704115670158,1.0522233614224261,1.0462459428566424
FIN,03,0.9621357161414338,1.0389090987154668,1.0462459428566424
FIN,05T06,0.34985325563551956,1.0564647411322587,1.0462459428566424
FIN,07T08,1.0110410335181372,1.0552849884543367,1.0462459428566424
FIN,10T12,1.0401209443060033,1.0692966452314503,1.0462459428566424
FIN,13T15,1.038144784269544,1.040312199553418,1.0462459428566424
FIN,16,0.9884620239439691,1.0914118447126206,1.0462459428566424
FIN,17T18,0.9482891729723449,1.0707649761089075,1.0462459428566424
FIN,19,0.9876899629576987,1.0501217016344575,1.0462459428566424
FIN,20,0.9976080249049771,1.0602736362780052,1.0462459428566424
FIN,21,1.048971512811279,1.0300632995138683,1.0462459428566424
FIN,22,1.0655890430575907,1.053748555615744,1.0462459428566424
FIN,23,1.042418735103138,1.0545848100054986,1.0462459428566424
FIN,24,1.1230093830868848,1.071842748854699,1.0462459428566424
FIN,25,1.0551017186648823,1.053568765245308,1.0462459428566424
FIN,26,1.0382151402213786,1.033033767267508,1.0462459428566424
FIN,27,1.055938879155404,1.0447797783654023,1.0462459428566424
FIN,28,1.039405541243914,1.040309902542148,1.0462459428566424
FIN,29T30,1.0395351493334863,1.0451477629397872,1.0462459428566424
FIN,31T33,1.0467596011576668,1.0382747473916867,1.0462459428566424
FIN,35,0.9040080366257792,1.0680799027047871,1.0462459428566424
FIN,36T39,1.0484632091469603,1.0383845640783578,1.0462459428566424
FIN,41T43,1.0370505104543153,1.0455291613656703,1.0462459428566424
FIN,45T47,1.0187266627617722,1.0336014964987492,1.0462459428566424
FIN,49,1.0115797544277325,1.0370085482592817,1.0462459428566424
FIN,50,0.9240287682952902,1.040536699425171,1.0462459428566424
FIN,51,0.9371998213819401,1.041731452652539,1.0462459428566424
FIN,52,1.0074586727581587,1.041236046824622,1.0462459428566424
FIN,53,1.021257103285023,1.0356521906579048,1.0462459428566424
FIN,55T56,1.030448139137209,1.042094465342414,1.0462459428566424
FIN,58T60,1.0144390511616708,1.0334834602726757,1.0462459428566424
FIN,61,1.0294258422557407,1.0305835451605467,1.0462459428566424
FIN,62T63,1.0065836074297874,1.029418068776122,1.0462459428566424
FIN,64T66,1.0235133259194733,1.0302506172938513,1.0462459428566424
FIN,68,1.0406263922315981,1.0308705305739785,1.0462459428566424
FIN,69T75,1.0186987826888607,1.0311982412185665,1.0462459428566424
FIN,77T82,1.022216153478797,1.0336249795305383,1.0462459428566424
FIN,84,1.040168011843011,1.0340119034096176,1.0462459428566424
FIN,85,1.0445186974446088,1.0303136095848593,1.0462459428566424
FIN,86T88,1.0449912306338878,1.0315854812141176,1.0462459428566424
FIN,90T93,1.0387881784988866,1.039034962829873,1.0462459428566424
FIN,94T98,1.0388173029554515,1.0395939292893217,1.0462459428566424
FRA,01T02,0.989864616815137,1.0605093251859292,1.0463196537964987
FRA,03,0.981474647619505,1.0482057340158042,1.0463196537964987
FRA,05T06,0.22640131923276835,1.03687345494401,1.0463196537964987
FRA,07T08,0.9805069268743419,1.051516582551604,1.0463196537964987
FRA,10T12,1.0461879994614471,1.0656478170419694,1.0463196537964987
FRA,13T15,1.0255288762131127,1.0437053058933532,1.0463196537964987
FRA,16,1.039988827287956,1.0634276797683888,1.0463196537964987
FRA,17T18,1.0359658793155353,1.046106846027424,1.0463196537964987
FRA,19,1.0284840451353894,1.0602276713368648,1.0463196537964987
FRA,20,1.0518175748962986,1.0512723731132494,1.0463196537964987
FRA,21,1.0227677628556473,1.0429891208709143,1.0463196537964987
FRA,22,1.0841248097568736,1.0504103448974162,1.0463196537964987
FRA,23,1.0165725229630551,1.055586377659528,1.0463196537964987
FRA,24,0.9160254234496615,1.0630425403079644,1.0463196537964987
FRA,25,1.050633264886868,1.0537247355140635,1.0463196537964987
FRA,26,1.033005616174106,1.043630956266051,1.0463196537964987
FRA,27,1.0498936158642644,1.0503007314930182,1.0463196537964987
FRA,28,1.0335147608133137,1.0488925502898623,1.0463196537964987
FRA,29T30,1.037751871483543,1.0469792229527526,1.0463196537964987
FRA,31T33,1.0673202743117767,1.0463380503864281,1.0463196537964987
FRA,35,1.0183378401506737,1.0560683069415286,1.0463196537964987
FRA,36T39,1.0300773448174916,1.0432549746082165,1.0463196537964987
FRA,41T43,1.0432271821350805,1.0480173380644857,1.0463196537964987
FRA,45T47,1.0259252422982512,1.0389721352427166,1.0463196537964987
FRA,49,1.031633002011357,1.0410225205334913,1.0463196537964987
FRA,50,1.017094294224972,1.052837676051724,1.0463196537964987
FRA,51,0.9558527986301898,1.0485703578799777,1.0463196537964987
FRA,52,1.0249467212520784,1.0388282551409793,1.0463196537964987
FRA,53,1.0300092569424153,1.0368934411976167,1.0463196537964987
FRA,55T56,1.0381799291809273,1.0450740852796774,1.0463196537964987
FRA,58T60,1.0220933403878871,1.0410767531475065,1.0463196537964987
FRA,61,1.026488388593614,1.0386239069724987,1.0463196537964987
FRA,62T63,1.0287522134448315,1.0364345541065931,1.0463196537964987
FRA,64T66,1.0267926332568655,1.036611184747676,1.0463196537964987
FRA,68,1.0416342022385574,1.035533414628731,1.0463196537964987
FRA,69T75,1.0286614699558334,1.037754927492794,1.0463196537964987
FRA,77T82,1.0263293938079303,1.0375766305218759,1.0463196537964987
FRA,84,1.0446098399537191,1.0374097838306613,1.0463196537964987
FRA,85,1.0432272546903145,1.0369885706505042,1.0463196537964987
FRA,86T88,1.0448321229634248,1.037231262238206,1.0463196537964987
FRA,90T93,1.0402244552421225,1.0400528799946833,1.0463196537964987
FRA,94T98,1.0404183435982572,1.0382233818365014,1.0463196537964987
GBR,01T02,0.9465231506041294,1.0609134041819706,1.0394367661055404
GBR,03,0.9945296114150836,1.0456502908456078,1.0394367661055404
GBR,05T06,0.899366473854258,1.0397532421114757,1.0394367661055404
GBR,07T08,1.0248198956089005,1.0511094497442204,1.0394367661055404
GBR,10T12,1.050707788727308,1.0623096636505296,1.0394367661055404
GBR,13T15,1.0381492454230927,1.0353522077433122,1.0394367661055404
GBR,16,1.0658400555784278,1.057340051432612,1.0394367661055404
GBR,17T18,1.0409205892328472,1.0437936984721925,1.0394367661055404
GBR,19,0.949843862871835,1.0653167208732088,1.0394367661055404
GBR,20,1.0318366407748856,1.0500588052901911,1.0394367661055404
GBR,21,1.045745396183381,1.0368782638255842,1.0394367661055404
GBR,22,1.0559810036786632,1.0490278452432733,1.0394367661055404
GBR,23,1.0301691568366016,1.0477784453173806,1.0394367661055404
GBR,24,0.9957857098103581,1.061707218584792,1.0394367661055404
GBR,25,1.0569574065015908,1.0450622144791348,1.0394367661055404
GBR,26,1.0336975179602637,1.0360635696160083,1.0394367661055404
GBR,27,1.0562240924798068,1.0438974045805072,1.0394367661055404
GBR,28,1.0327557114940304,1.0427132814307272,1.0394367661055404
GBR,29T30,1.0378901831319056,1.0449474228717046,1.0394367661055404
GBR,31T33,1.047000562693556,1.0395791378385677,1.0394367661055404
GBR,35,0.9651523915630589,1.0789411344825872,1.0394367661055404
GBR,36T39,1.0319450983488239,1.034135653950239,1.0394367661055404
GBR,41T43,1.0347843872940974,1.0386967536292395,1.0394367661055404
GBR,45T47,1.0262552854530866,1.033815178957922,1.0394367661055404
GBR,49,1.0167424668638598,1.0365374528671305,1.0394367661055404
GBR,50,1.0599887825301397,1.0394264029151543,1.0394367661055404
GBR,51,0.8622090820997811,1.0546844457291076,1.0394367661055404
GBR,52,1.0210128281404471,1.038578746181663,1.0394367661055404
GBR,53,1.0229909104785928,1.0326251219559166,1.0394367661055404
GBR,55T56,1.0362066941260302,1.0375048770058641,1.0394367661055404
GBR,58T60,1.0285589980614354,1.0321192408646747,1.0394367661055404
GBR,61,1.0248731291601603,1.0303781083889016,1.0394367661055404
GBR,62T63,1.0225266982724839,1.030328736247033,1.0394367661055404
GBR,64T66,1.0143366558017641,1.0315715936468843,1.0394367661055404
GBR,68,1.0370726681725648,1.029163718017412,1.0394367661055404
GBR,69T75,1.0205289030928475,1.0316093715022665,1.0394367661055404
GBR,77T82,1.021495392237165,1.0344579010363015,1.0394367661055404
GBR,84,1.0381706111331495,1.0323983366465086,1.0394367661055404
GBR,85,1.0358570424206064,1.0307657250275588,1.0394367661055404
GBR,86T88,1.038023709176418,1.0325690728361177,1.0394367661055404
GBR,90T93,1.0332097878697126,1.0329760460573452,1.0394367661055404
GBR,94T98,1.0368828181000787,1.030468669649928,1.0394367661055404
GRC,01T02,1.0938183312959988,1.0493611399888298,1.0549039699638303
GRC,03,1.043647151454385,1.02791579912686,1.0549039699638303
GRC,05T06,0.30369986142875927,1.041769538917975,1.0549039699638303
GRC,07T08,0.9458588303617692,1.0487824802659276,1.0549039699638303
GRC,10T12,1.0565690719433236,1.06450517164935,1.0549039699638303
GRC,13T15,0.9961657200928816,1.0489304273628839,1.0549039699638303
GRC,16,1.0699659804118329,1.0537284313950288,1.0549039699638303
GRC,17T18,1.0456959964809793,1.0436836761037758,1.0549039699638303
GRC,19,0.9142198562331767,1.0691672190171082,1.0549039699638303
GRC,20,1.0463537190859147,1.0485576358606539,1.0549039699638303
GRC,21,1.0562035497208795,1.040400013037332,1.0549039699638303
GRC,22,1.0578783217843757,1.055270630227461,1.0549039699638303
GRC,23,0.6569464935175308,1.0947610478659315,1.0549039699638303
GRC,24,0.957274825597766,1.1135882010013336,1.0549039699638303
GRC,25,1.0165743320419283,1.063431995545828,1.0549039699638303
GRC,26,1.0394441896189277,1.0425971954908317,1.0549039699638303
GRC,27,0.9859160616206695,1.0815387945243413,1.0549039699638303
GRC,28,1.023444303949597,1.053002780357661,1.0549039699638303
GRC,29T30,1.0367026360338596,1.0436098898631554,1.0549039699638303
GRC,31T33,1.0600838242595598,1.0464171934399937,1.0549039699638303
GRC,35,0.812891899234739,1.091807883425971,1.0549039699638303
GRC,36T39,1.0444784964182294,1.0829651465753876,1.0549039699638303
GRC,41T43,1.0450726649717423,1.0726066128869194,1.0549039699638303
GRC,45T47,1.022093441393103,1.0303718327050149,1.0549039699638303
GRC,49,1.0248758272724101,1.0393322476979672,1.0549039699638303
GRC,50,0.7386071142712377,1.1009805623152324,1.0549039699638303
GRC,51,1.0418551790365624,1.0463328961902671,1.0549039699638303
GRC,52,0.9802809357426091,1.0437778074388013,1.0549039699638303
GRC,53,1.0175109494359902,1.0345503976411328,1.0549039699638303
GRC,55T56,1.0413022900883238,1.042180303473932,1.0549039699638303
GRC,58T60,1.0269201327832176,1.0351207585948752,1.0549039699638303
GRC,61,1.0421316031932464,1.0298875655029258,1.0549039699638303
GRC,62T63,1.0302792071162492,1.0275846433433953,1.0549039699638303
GRC,64T66,1.0316011575315986,1.0218801272336342,1.0549039699638303
GRC,68,1.040372497386908,1.0222202571642098,1.0549039699638303
GRC,69T75,1.019874718639291,1.0270100650146718,1.0549039699638303
GRC,77T82,1.0357891248017916,1.0326171835204772,1.0549039699638303
GRC,84,1.052163226670984,1.0252468854715981,1.0549039699638303
GRC,85,1.0527856284815398,1.0236225689708571,1.0549039699638303
GRC,86T88,1.05256263799065,1.0309350253155285,1.0549039699638303
GRC,90T93,1.045307544732762,1.0325537811419276,1.0549039699638303
GRC,94T98,1.0454498619895152,1.036188288976292,1.0549039699638303
HRV,01T02,0.9484659436140102,1.0576720111582316,1.0519037131610878
HRV,03,1.007749360240698,1.0575742221125932,1.0519037131610878
HRV,05T06,0.5952898589590501,1.0859008701985653,1.0519037131610878
HRV,07T08,0.9809836481145152,1.055172267615783,1.0519037131610878
HRV,10T12,1.0423006231114236,1.0647182506015003,1.0519037131610878
HRV,13T15,1.0217828643725086,1.046717643389413,1.0519037131610878
HRV,16,1.0462170759775542,1.0583101861091573,1.0519037131610878
HRV,17T18,1.0119463792646963,1.0505758409678443,1.0519037131610878
HRV,19,0.9698126615386213,1.068115858204879,1.0519037131610878
HRV,20,0.5243889895306203,1.0685478059790166,1.0519037131610878
HRV,21,1.0004697071017483,1.044180104397991,1.0519037131610878
HRV,22,1.0619673628915463,1.055946538443327,1.0519037131610878
HRV,23,0.7865695216608003,1.0544397040992015,1.0519037131610878
HRV,24,1.1455048708061748,1.061697781779588,1.0519037131610878
HRV,25,1.0524111018751119,1.0455996567152355,1.0519037131610878
HRV,26,1.0465391370509713,1.0327054785790475,1.0519037131610878
HRV,27,1.0533674826074402,1.0467945170954343,1.0519037131610878
HRV,28,1.0468695339160474,1.0430538593082905,1.0519037131610878
HRV,29T30,1.03381589514475,1.0456286478922054,1.0519037131610878
HRV,31T33,1.0585609620709813,1.0543766494558526,1.0519037131610878
HRV,35,1.0097053353632899,1.0440819098427332,1.0519037131610878
HRV,36T39,1.03204626006247,1.0421769344607,1.0519037131610878
HRV,41T43,1.0285538181765521,1.0579102244240006,1.0519037131610878
HRV,45T47,1.0206044555078675,1.0403407546957029,1.0519037131610878
HRV,49,1.0087093997457852,1.0385238166228126,1.0519037131610878
HRV,50,0.6978460385612564,1.0633395850182377,1.0519037131610878
HRV,51,1.176263022997384,1.0391241750714275,1.0519037131610878
HRV,52,1.019868006872071,1.0465806256194492,1.0519037131610878
HRV,53,1.0258241708753129,1.0353734084069273,1.0519037131610878
HRV,55T56,1.0442325376892339,1.0405225269723475,1.0519037131610878
HRV,58T60,1.0160643443038044,1.0332476439572829,1.0519037131610878
HRV,61,1.0366506475806867,1.0322058199263764,1.0519037131610878
HRV,62T63,1.0144621168359622,1.030938829185628,1.0519037131610878
HRV,64T66,1.0239752997523877,1.0280934727557465,1.0519037131610878
HRV,68,1.0445222958803324,1.0388903715094193,1.0519037131610878
HRV,69T75,1.0182984356643414,1.0354978678376001,1.0519037131610878
HRV,77T82,1.029346617705608,1.0381369154103557,1.0519037131610878
HRV,84,1.0493531981617452,1.0348831820705042,1.0519037131610878
HRV,85,1.047465077519137,1.029631400669696,1.0519037131610878
HRV,86T88,1.0474606265412942,1.0366772014228054,1.0519037131610878
HRV,90T93,1.0407805546365183,1.0374283348342783,1.0519037131610878
HRV,94T98,1.037716610391867,1.0366891197857544,1.0519037131610878
HUN,01T02,0.8816518319017718,1.0644261843645058,1.0513064220828092
HUN,03,1.0054057425860923,1.0523782209117243,1.0513064220828092
HUN,05T06,0.410286273522978,1.0681085898818425,1.0513064220828092
HUN,07T08,0.9575453419547978,1.0818670456728283,1.0513064220828092
HUN,10T12,1.003421445062502,1.085361617797465,1.0513064220828092
HUN,13T15,1.0339627626850914,1.0412619682472652,1.0513064220828092
HUN,16,1.015148330370705,1.0635015985704532,1.0513064220828092
HUN,17T18,1.002860562987047,1.0474691090301205,1.0513064220828092
HUN,19,0.9898655057182951,1.0605868053121899,1.0513064220828092
HUN,20,0.8686965065458344,1.0619363788075098,1.0513064220828092
HUN,21,0.9996072664924581,1.0387937092421462,1.0513064220828092
HUN,22,1.0751395783616724,1.0565440133170074,1.0513064220828092
HUN,23,0.9802799491869109,1.0654961642934484,1.0513064220828092
HUN,24,1.0923721839872953,1.0712197116346018,1.0513064220828092
HUN,25,1.0400126737750568,1.0563237691262093,1.0513064220828092
HUN,26,1.0378103540598524,1.0408188021508349,1.0513064220828092
HUN,27,1.0393088063647522,1.0541076768256739,1.0513064220828092
HUN,28,1.0346395177397771,1.0474330264617293,1.0513064220828092
HUN,29T30,1.0437993598185866,1.0454557307358545,1.0513064220828092
HUN,31T33,1.072390901066008,1.039605471656135,1.0513064220828092
HUN,35,0.7411585098341389,1.048680986195759,1.0513064220828092
HUN,36T39,1.0309935649229458,1.0391287940489258,1.0513064220828092
HUN,41T43,1.0404871990894473,1.0498216983030608,1.0513064220828092
HUN,45T47,1.009261310555941,1.0361508549500889,1.0513064220828092
HUN,49,0.9801025094632397,1.0369853023626456,1.0513064220828092
HUN,50,0.7636162191825764,1.0453271772616533,1.0513064220828092
HUN,51,0.8875498720091433,1.0449440616646406,1.0513064220828092
HUN,52,1.0058563744237745,1.0324035174843542,1.0513064220828092
HUN,53,1.0322092130488574,1.0287958650677094,1.0513064220828092
HUN,55T56,1.0373798676145654,1.0460998603068365,1.0513064220828092
HUN,58T60,1.0325532019180008,1.0292913551048655,1.0513064220828092
HUN,61,1.0401132334894823,1.0253191465086753,1.0513064220828092
HUN,62T63,1.0258670727867334,1.0230221767597552,1.0513064220828092
HUN,64T66,1.027399061577809,1.0227885218914936,1.0513064220828092
HUN,68,1.0412302414693804,1.0260572853092607,1.0513064220828092
HUN,69T75,1.0243148779475009,1.0275006471569152,1.0513064220828092
HUN,77T82,1.017934864090917,1.0311892670772493,1.0513064220828092
HUN,84,1.0486547342258996,1.0257968968560793,1.0513064220828092
HUN,85,1.0500480322440884,1.0245798503010928,1.0513064220828092
HUN,86T88,1.047661122405465,1.0299220306836319,1.0513064220828092
HUN,90T93,1.042931724433182,1.032626664198578,1.0513064220828092
HUN,94T98,1.0385513091300864,1.02845868943002,1.0513064220828092
IDN,01T02,0.5160633405632715,0.9828105461884143,1.0212431009837568
IDN,03,1.01309042028323,0.9384082421849306,1.0212431009837568
IDN,05T06,0.731205794934806,0.9924232099647043,1.0212431009837568
IDN,07T08,1.0166722653782654,0.9606672240359562,1.0212431009837568
IDN,10T12,0.9480050550835739,1.1602356031821777,1.0212431009837568
IDN,13T15,1.1779485163723298,0.9828414506383824,1.0212431009837568
IDN,16,0.8930655223687001,1.122786097911885,1.0212431009837568
IDN,17T18,0.9940026984533932,1.01668242985297,1.0212431009837568
IDN,19,0.8994524284674266,1.0478335424331195,1.0212431009837568
IDN,20,0.8382518132391141,1.0406362339167305,1.0212431009837568
IDN,21,0.9560635425571435,1.045476891067252,1.0212431009837568
IDN,22,0.8035042598574428,1.1376208193006505,1.0212431009837568
IDN,23,0.6537429760221668,1.047057876649687,1.0212431009837568
IDN,24,1.2014181285108723,0.9927973861540851,1.0212431009837568
IDN,25,1.0159944453714704,1.0254186712272837,1.0212431009837568
IDN,26,1.0487561143074438,1.0142940216320373,1.0212431009837568
IDN,27,1.087663398202801,1.0137502583354026,1.0212431009837568
IDN,28,1.0311748920870034,1.0310379491723636,1.0212431009837568
IDN,29T30,1.090476147595809,0.9787967895109037,1.0212431009837568
IDN,31T33,0.8926324726703476,1.0173474676177041,1.0212431009837568
IDN,35,0.5807469220603186,1.2449839632427622,1.0212431009837568
IDN,36T39,1.005409108918172,0.9955080000649366,1.0212431009837568
IDN,41T43,1.0050383845698745,1.0171730616732981,1.0212431009837568
IDN,45T47,1.004949051946342,0.9600016436387188,1.0212431009837568
IDN,49,0.9439639629937212,0.9657143271494562,1.0212431009837568
IDN,50,0.7326451207445281,1.0039859596587244,1.0212431009837568
IDN,51,1.0088089177897632,0.9793204771943356,1.0212431009837568
IDN,52,1.0009798298925188,0.9788852851709444,1.0212431009837568
IDN,53,1.0252382346135624,0.9813699101090627,1.0212431009837568
IDN,55T56,1.016760848721086,1.04217095297205,1.0212431009837568
IDN,58T60,1.0251601146956484,0.985178233530148,1.0212431009837568
IDN,61,1.0060845172676773,0.9505467985149245,1.0212431009837568
IDN,62T63,1.0206067183228018,0.9876283121060165,1.0212431009837568
IDN,64T66,0.9753062860611149,0.9357103403386642,1.0212431009837568
IDN,68,1.0203088513723961,0.9428628563817675,1.0212431009837568
IDN,69T75,1.2063814315328882,0.9501935145893582,1.0212431009837568
IDN,77T82,0.992622287616842,0.9485454392208951,1.0212431009837568
IDN,84,1.0174800721107307,0.9733682208993306,1.0212431009837568
IDN,85,1.0216989332568203,0.9536084621131062,1.0212431009837568
IDN,86T88,1.0163923465515858,0.9947419703793446,1.0212431009837568
IDN,90T93,1.0416832741995306,0.9697280181525251,1.0212431009837568
IDN,94T98,1.015437461100633,0.9533707786594737,1.0212431009837568
IND,01T02,0.8991108366754301,0.9987987019963191,1.0443684984907882
IND,03,1.043380660172519,0.9782709126492249,1.0443684984907882
IND,05T06,0.7159204114650387,1.0080038926703443,1.0443684984907882
IND,07T08,0.648261339445923,1.0304226981106184,1.0443684984907882
IND,10T12,1.040224908171449,1.0784949746108303,1.0443684984907882
IND,13T15,1.0096972244758162,1.0436440496033317,1.0443684984907882
IND,16,1.0044890152136805,1.032631496147435,1.0443684984907882
IND,17T18,0.9700467369435773,1.0426210912294018,1.0443684984907882
IND,19,0.8901872920003833,1.0466966402891775,1.0443684984907882
IND,20,0.9350932251527067,1.047370421588159,1.0443684984907882
IND,21,1.0220042876892514,1.0112177703542984,1.0443684984907882
IND,22,0.821225370226199,1.0562022770156627,1.0443684984907882
IND,23,0.7706080835915504,1.057334199727109,1.0443684984907882
IND,24,0.5259883476396108,1.095677521049759,1.0443684984907882
IND,25,0.929527091829023,1.0898440119406316,1.0443684984907882
IND,26,0.9876184219108652,1.0825898540801056,1.0443684984907882
IND,27,0.9644988140862227,1.1226765576741635,1.0443684984907882
IND,28,0.9795026584453029,1.087992370650649,1.0443684984907882
IND,29T30,0.9966822773401396,1.1106614844629468,1.0443684984907882
IND,31T33,0.6989484772372822,1.06752729748109,1.0443684984907882
IND,35,0.5728239098489899,1.0279604918984169,1.0443684984907882
IND,36T39,0.9554902534870563,1.0226664730113224,1.0443684984907882
IND,41T43,1.0311283030034593,1.0701707744547655,1.0443684984907882
IND,45T47,0.9936540981312266,0.9900453011952983,1.0443684984907882
IND,49,0.9461139879218539,1.017705025099373,1.0443684984907882
IND,50,0.7878830334466014,1.03500169614841,1.0443684984907882
IND,51,0.8568212140183391,1.0639320202036688,1.0443684984907882
IND,52,0.9317671890532516,1.0363841729912935,1.0443684984907882
IND,53,0.9575544101947912,0.9991693448516351,1.0443684984907882
IND,55T56,1.0050746587187178,1.0639348424938644,1.0443684984907882
IND,58T60,1.0134683226712078,1.0245124467426607,1.0443684984907882
IND,61,0.9780152172910138,1.0679709124782797,1.0443684984907882
IND,62T63,1.0839108022932935,0.9851497125059799,1.0443684984907882
IND,64T66,1.002815830500539,1.0098529878207534,1.0443684984907882
IND,68,1.0420066975075997,0.9796437876682068,1.0443684984907882
IND,69T75,1.0046974811453793,1.009295017832022,1.0443684984907882
IND,77T82,0.972020205868126,1.0013326905833988,1.0443684984907882
IND,84,1.044505630187951,0.9970169995703387,1.0443684984907882
IND,85,1.0434531622995091,0.9806181776434639,1.0443684984907882
IND,86T88,1.043180548090225,0.9913951693302314,1.0443684984907882
IND,90T93,1.0412850398724953,1.0025133768543888,1.0443684984907882
IND,94T98,1.0355576803502777,1.0176170022309141,1.0443684984907882
IRL,01T02,0.6574593564032414,1.067900100149443,1.0690529723982345
IRL,03,0.9782592457242792,1.0652978911421078,1.0690529723982345
IRL,05T06,0.3408486426530022,1.071326121171556,1.0690529723982345
IRL,07T08,0.9677070857084292,1.0712901850090053,1.0690529723982345
IRL,10T12,1.0370315983164116,1.0692260342550917,1.0690529723982345
IRL,13T15,0.9853663168266681,1.03976322079118,1.0690529723982345
IRL,16,0.9907775254405099,1.078654829338623,1.0690529723982345
IRL,17T18,1.063155190558425,1.039506948940271,1.0690529723982345
IRL,19,1.1074914574644679,1.0455325882553779,1.0690529723982345
IRL,20,1.1383714028837808,1.043063901124748,1.0690529723982345
IRL,21,1.0680051798724322,1.0371357338092495,1.0690529723982345
IRL,22,1.1242794876126825,1.0448814013451277,1.0690529723982345
IRL,23,0.9261656258458608,1.0578701584018193,1.0690529723982345
IRL,24,0.9882479113821014,1.055926793067043,1.0690529723982345
IRL,25,1.0801631216659158,1.0441546805422337,1.0690529723982345
IRL,26,1.0159632965699301,1.041422920413108,1.0690529723982345
IRL,27,1.058943211049058,1.047092918756924,1.0690529723982345
IRL,28,1.024089708460228,1.0422746295723604,1.0690529723982345
IRL,29T30,1.0413873248563303,1.0469354547348773,1.0690529723982345
IRL,31T33,1.107040582669608,1.0389114046586143,1.0690529723982345
IRL,35,0.9293655047118543,1.0436726874595115,1.0690529723982345
IRL,36T39,1.0497518065426332,1.0412518491243303,1.0690529723982345
IRL,41T43,1.0507701290006215,1.050163188832277,1.0690529723982345
IRL,45T47,1.0051820972709433,1.0390795935373793,1.0690529723982345
IRL,49,1.0441296486263423,1.0400802996927758,1.0690529723982345
IRL,50,0.9732091607080628,1.0627381938177312,1.0690529723982345
IRL,51,0.47156714828704577,1.0465229242119485,1.0690529723982345
IRL,52,1.0082182279645089,1.0414172142528193,1.0690529723982345
IRL,53,1.0223051501222573,1.037604324762297,1.0690529723982345
IRL,55T56,1.0554726072805407,1.040410925981446,1.0690529723982345
IRL,58T60,1.0236136240527154,1.0358849674068116,1.0690529723982345
IRL,61,1.0226177963073768,1.0376360143376882,1.0690529723982345
IRL,62T63,1.0069544740911602,1.0372824356462165,1.0690529723982345
IRL,64T66,0.9950509869069569,1.035141178706967,1.0690529723982345
IRL,68,1.0348708908261723,1.0353541528313122,1.0690529723982345
IRL,69T75,1.0093866349970406,1.0368843425589733,1.0690529723982345
IRL,77T82,1.002489381115078,1.0376275999327775,1.0690529723982345
IRL,84,1.063081905546827,1.038637157044007,1.0690529723982345
IRL,85,1.0614797542749057,1.0362471990160094,1.0690529723982345
IRL,86T88,1.0655768195018762,1.036971650098701,1.0690529723982345
IRL,90T93,1.040871107370846,1.0394162267253986,1.0690529723982345
IRL,94T98,1.0478950622532106,1.0376020811664037,1.0690529723982345
ISL,01T02,0.9404651811333933,1.0504511475564122,1.0417808039549818
ISL,03,0.9573644039738979,1.0361233862526094,1.0417808039549818
ISL,05T06,1.0100369428964493,1.0402132969347562,1.0417808039549818
ISL,07T08,1.0011210099543877,1.037773783602556,1.0417808039549818
ISL,10T12,1.079335695062365,1.0563481719406085,1.0417808039549818
ISL,13T15,1.0319546957334482,1.0396416893754425,1.0417808039549818
ISL,16,1.1447903644155402,1.0505588925072438,1.0417808039549818
ISL,17T18,1.0761662885908314,1.0374036534429636,1.0417808039549818
ISL,19,1.0723657972861922,1.031637744463447,1.0417808039549818
ISL,20,1.1127231284931542,1.0455605816498208,1.0417808039549818
ISL,21,1.00233259466171,1.060559329155684,1.0417808039549818
ISL,22,1.1014898619457252,1.0451867525103764,1.0417808039549818
ISL,23,1.106672120291507,1.0414285645971493,1.0417808039549818
ISL,24,0.9026785645806235,1.0651761274506786,1.0417808039549818
ISL,25,1.0572423962849697,1.0464332101712999,1.0417808039549818
ISL,26,1.0383138837055925,1.0409463084991395,1.0417808039549818
ISL,27,1.0044663699224297,1.0453794678772712,1.0417808039549818
ISL,28,1.0366274967495996,1.040601450185394,1.0417808039549818
ISL,29T30,1.0245391722236281,1.041336894868307,1.0417808039549818
ISL,31T33,1.0572687920031165,1.0398838722877732,1.0417808039549818
ISL,35,1.0067829808622655,1.0325087175122625,1.0417808039549818
ISL,36T39,1.0021131261321414,1.0352794530760543,1.0417808039549818
ISL,41T43,1.0390200609334719,1.0412239434661055,1.0417808039549818
ISL,45T47,1.0179128002884488,1.0413086554122506,1.0417808039549818
ISL,49,1.0193672442273392,1.0395209734328363,1.0417808039549818
ISL,50,0.9469108219445681,1.0490272155218632,1.0417808039549818
ISL,51,0.9345959743128213,1.0542406107753386,1.0417808039549818
ISL,52,0.9952670737670833,1.0349365050675166,1.0417808039549818
ISL,53,1.0214666481986676,1.0317061075140845,1.0417808039549818
ISL,55T56,1.047170688072191,1.0363155999287692,1.0417808039549818
ISL,58T60,1.0157073942282409,1.0343165336808826,1.0417808039549818
ISL,61,1.016073265797608,1.0311996551474403,1.0417808039549818
ISL,62T63,1.0206082497560962,1.0288221664134187,1.0417808039549818
ISL,64T66,1.0119268533505827,1.0278452126649054,1.0417808039549818
ISL,68,1.0385868292304263,1.0276288773829365,1.0417808039549818
ISL,69T75,1.0218763168912754,1.0294452154658076,1.0417808039549818
ISL,77T82,1.0249499557157362,1.0409608596326743,1.0417808039549818
ISL,84,1.0402662796164048,1.0299950937577622,1.0417808039549818
ISL,85,1.0410261123185374,1.0277294746297927,1.0417808039549818
ISL,86T88,1.0412494364551987,1.0281962465171646,1.0417808039549818
ISL,90T93,1.0385045361799983,1.0303228292385593,1.0417808039549818
ISL,94T98,1.036612977869565,1.030034756925886,1.0417808039549818
ISR,01T02,1.1934202483754106,1.0700658347160843,1.054529509234334
ISR,03,1.0374660123940833,1.0528123236180487,1.054529509234334
ISR,05T06,0.40173229551273065,1.0495111284586232,1.054529509234334
ISR,07T08,0.9592846065939384,1.0450753862865287,1.054529509234334
ISR,10T12,1.0654011017174263,1.0610045557353411,1.054529509234334
ISR,13T15,0.9976572350006715,1.047564400767225,1.054529509234334
ISR,16,1.0961493333018248,1.050756524163178,1.054529509234334
ISR,17T18,1.0584845289201348,1.0478225688338274,1.054529509234334
ISR,19,0.9975630052722361,1.0668063511142818,1.054529509234334
ISR,20,1.10036826749496,1.0506169818671156,1.054529509234334
ISR,21,1.0478026166867505,1.0458778865222151,1.054529509234334
ISR,22,0.982117050734569,1.0543448641916997,1.054529509234334
ISR,23,1.017625339128872,1.0585071505300878,1.054529509234334
ISR,24,1.2793163285384388,1.0798553405714306,1.054529509234334
ISR,25,1.0723476813439166,1.0525059932567253,1.054529509234334
ISR,26,1.0416766745910986,1.0420821405155574,1.054529509234334
ISR,27,1.0641592385550216,1.0486267015013997,1.054529509234334
ISR,28,1.0453289115166333,1.0483930867270579,1.054529509234334
ISR,29T30,1.0418633598756397,1.0496587276342244,1.054529509234334
ISR,31T33,0.9869839909776846,1.0384910534569716,1.054529509234334
ISR,35,0.8410752008083796,1.0645759653866933,1.054529509234334
ISR,36T39,1.0514332057309095,1.0501205505553928,1.054529509234334
ISR,41T43,1.0520108358753475,1.0502303097950312,1.054529509234334
ISR,45T47,1.025421387069387,1.039689175941509,1.054529509234334
ISR,49,1.0208035160195605,1.0452146708230328,1.054529509234334
ISR,50,0.943703896868118,1.0591658944007392,1.054529509234334
ISR,51,1.074296914228847,1.0510041545340918,1.054529509234334
ISR,52,0.9841863750938802,1.0440583915303656,1.054529509234334
ISR,53,1.0379279484870902,1.040594294754985,1.054529509234334
ISR,55T56,1.0360019205105753,1.0516987771847184,1.054529509234334
ISR,58T60,1.0130249795931416,1.0399668379005806,1.054529509234334
ISR,61,1.0346898688282302,1.0377847293309244,1.054529509234334
ISR,62T63,0.9913739698617144,1.0367126270569416,1.054529509234334
ISR,64T66,1.0192562536076593,1.0384925036091706,1.054529509234334
ISR,68,1.0484324826436309,1.0369204531038616,1.054529509234334
ISR,69T75,1.032297814079083,1.039086689054164,1.054529509234334
ISR,77T82,1.0355569723542066,1.0367935262334362,1.054529509234334
ISR,84,1.054167743479035,1.0446519292444953,1.054529509234334
ISR,85,1.0531750128835737,1.0388673143004368,1.054529509234334
ISR,86T88,1.053197813416647,1.0399629557298178,1.054529509234334
ISR,90T93,1.0483786623354547,1.0375261918990217,1.054529509234334
ISR,94T98,1.044325215962157,1.046064954263185,1.054529509234334
ITA,01T02,1.0701986203922,1.0562893075123465,1.0596731495880936
ITA,03,1.000781392793824,1.0540705589271424,1.0596731495880936
ITA,05T06,0.898393906311304,1.0531457307457672,1.0596731495880936
ITA,07T08,1.0144474030159598,1.0425017196855,1.0596731495880936
ITA,10T12,1.0596984761184691,1.068076247540004,1.0596731495880936
ITA,13T15,1.0183057386456231,1.049156850603559,1.0596731495880936
ITA,16,1.0627646474821393,1.0591975189718064,1.0596731495880936
ITA,17T18,1.0343486194104692,1.0548935501725392,1.0596731495880936
ITA,19,1.0070281168219912,1.0693762805498517,1.0596731495880936
ITA,20,1.0516865883667563,1.0645068381311968,1.0596731495880936
ITA,21,1.0232121096375477,1.0534955019579655,1.0596731495880936
ITA,22,1.0696880242844757,1.0607075198842042,1.0596731495880936
ITA,23,1.0303456320460171,1.069912251858835,1.0596731495880936
ITA,24,1.1410361319393487,1.079943475101462,1.0596731495880936
ITA,25,1.0387278860027593,1.0586820151051044,1.0596731495880936
ITA,26,1.0303347437391253,1.0537122926385947,1.0596731495880936
ITA,27,1.033612002447948,1.0589264016832522,1.0596731495880936
ITA,28,1.026584855452215,1.0548112501342926,1.0596731495880936
ITA,29T30,1.0307245337976922,1.0541786518761123,1.0596731495880936
ITA,31T33,1.0690218261094802,1.05378600165695,1.0596731495880936
ITA,35,0.9288775063662233,1.0935162381331707,1.0596731495880936
ITA,36T39,1.0532477329649044,1.052928955321262,1.0596731495880936
ITA,41T43,1.0529770906149298,1.0518538028949493,1.0596731495880936
ITA,45T47,1.0253388987139338,1.047115664889367,1.0596731495880936
ITA,49,1.0209336997965954,1.0527392758497285,1.0596731495880936
ITA,50,0.8131096820766277,1.0532394976951505,1.0596731495880936
ITA,51,1.015068577126986,1.0513832312168572,1.0596731495880936
ITA,52,1.0243297861589915,1.0506741866303377,1.0596731495880936
ITA,53,1.0202634455047708,1.0603382936551682,1.0596731495880936
ITA,55T56,1.0455408476926582,1.0516574681268205,1.0596731495880936
ITA,58T60,1.017236432071413,1.045890051751179,1.0596731495880936
ITA,61,1.029868689996343,1.0442909202427344,1.0596731495880936
ITA,62T63,1.0300089014958214,1.0432181747973288,1.0596731495880936
ITA,64T66,1.0310738342982295,1.0423176686703117,1.0596731495880936
ITA,68,1.0520199548549245,1.0415633564448445,1.0596731495880936
ITA,69T75,1.0330071466900421,1.0454769343490933,1.0596731495880936
ITA,77T82,1.0337130786260431,1.047997660689875,1.0596731495880936
ITA,84,1.0573224955084586,1.045556212024724,1.0596731495880936
ITA,85,1.0564996106134001,1.0433440079747767,1.0596731495880936
ITA,86T88,1.0569556084315415,1.047185194651933,1.0596731495880936
ITA,90T93,1.0468541892553285,1.0469560090685712,1.0596731495880936
ITA,94T98,1.0535527536313731,1.0485316253108692,1.0596731495880936
JPN,01T02,1.0827835844355898,1.0577817478214333,1.0554840758466166
JPN,03,1.0080687875908527,1.0481801291087567,1.0554840758466166
JPN,05T06,0.7684179196623526,1.051634231025609,1.0554840758466166
JPN,07T08,0.94063731775767,1.0550087934917496,1.0554840758466166
JPN,10T12,1.0595668654140404,1.0580452201316615,1.0554840758466166
JPN,13T15,1.0152184714134498,1.0498115688853924,1.0554840758466166
JPN,16,1.0631059949513906,1.059446530228864,1.0554840758466166
JPN,17T18,1.011765163950397,1.0571955023292432,1.0554840758466166
JPN,19,0.9513197004362259,1.0834676453996475,1.0554840758466166
JPN,20,0.9965258738652583,1.0674783534730898,1.0554840758466166
JPN,21,1.0065653264702257,1.0522218867115651,1.0554840758466166
JPN,22,1.0699789574297371,1.059395250621145,1.0554840758466166
JPN,23,0.9586027991011138,1.0522118045482667,1.0554840758466166
JPN,24,1.0609132351023325,1.0720359020550967,1.0554840758466166
JPN,25,1.0501969472073225,1.0686107370137043,1.0554840758466166
JPN,26,1.030444796381169,1.052039714625761,1.0554840758466166
JPN,27,1.0458258017192432,1.0583358200464024,1.0554840758466166
JPN,28,1.0367913410321066,1.0542735304027173,1.0554840758466166
JPN,29T30,1.0131655647280988,1.0578006512797662,1.0554840758466166
JPN,31T33,1.0450622767029527,1.0511906856105522,1.0554840758466166
JPN,35,0.8360527874332568,1.0955496128595679,1.0554840758466166
JPN,36T39,1.0392411363055905,1.0409353932128402,1.0554840758466166
JPN,41T43,1.0519332232555965,1.0560577633507497,1.0554840758466166
JPN,45T47,1.0212957214265757,1.0447569916228223,1.0554840758466166
JPN,49,1.0322516950507992,1.0442326019298929,1.0554840758466166
JPN,50,0.8279052180119474,1.0894541405632043,1.0554840758466166
JPN,51,0.9470905389036463,1.05905101828401,1.0554840758466166
JPN,52,1.0156377532360779,1.042844881328188,1.0554840758466166
JPN,53,1.0229648050478295,1.042397414253373,1.0554840758466166
JPN,55T56,1.041563826356773,1.0533899312658122,1.0554840758466166
JPN,58T60,1.0241219547411735,1.0435993587199033,1.0554840758466166
JPN,61,1.0457095518386115,1.0418100286898677,1.0554840758466166
JPN,62T63,1.0257507164738524,1.0400101907798744,1.0554840758466166
JPN,64T66,1.0331486568494632,1.0395022384211274,1.0554840758466166
JPN,68,1.0499885468459766,1.0359739565384003,1.0554840758466166
JPN,69T75,1.0234376012478665,1.0413951349526473,1.0554840758466166
JPN,77T82,1.016816100702256,1.0407016359753412,1.0554840758466166
JPN,84,1.0552445648246631,1.0413604892949193,1.0554840758466166
JPN,85,1.0523683314075352,1.04006668268869,1.0554840758466166
JPN,86T88,1.0534265647422865,1.0431297142969413,1.0554840758466166
JPN,90T93,1.0455834387455532,1.0487132331998454,1.0554840758466166
JPN,94T98,1.047105861834494,1.0454587099627353,1.0554840758466166
KAZ,01T02,0.8362024301460582,0.9756572344324715,0.9820001489709861
KAZ,03,0.9831150844140792,0.9329070780284786,0.9820001489709861
KAZ,05T06,0.8049184582088351,0.9628423209776108,0.9820001489709861
KAZ,07T08,0.7361104171061171,0.9885336121724555,0.9820001489709861
KAZ,10T12,1.0237643012463309,1.0031957423151194,0.9820001489709861
KAZ,13T15,1.0826509912123772,0.9916235594962041,0.9820001489709861
KAZ,16,0.7999716859181786,1.0180748583933272,0.9820001489709861
KAZ,17T18,1.0513637941667,0.9795929402776619,0.9820001489709861
KAZ,19,0.8288975833192974,0.9897645121906442,0.9820001489709861
KAZ,20,0.8032177559050572,0.987104328395481,0.9820001489709861
KAZ,21,0.8626157409141535,0.9503806448680338,0.9820001489709861
KAZ,22,0.9582729515505807,1.002490705527524,0.9820001489709861
KAZ,23,0.4413945310832399,1.0066263190806741,0.9820001489709861
KAZ,24,0.917338556113146,0.9805656175123789,0.9820001489709861
KAZ,25,1.066793625111896,0.9970977172479872,0.9820001489709861
KAZ,26,1.0230133472018712,0.9729006096073973,0.9820001489709861
KAZ,27,1.0915314023404343,0.9861294594639616,0.9820001489709861
KAZ,28,1.0493984947241595,0.987211875769701,0.9820001489709861
KAZ,29T30,1.122704067675041,0.9617750391264324,0.9820001489709861
KAZ,31T33,1.0234731004571525,0.9843010033536589,0.9820001489709861
KAZ,35,0.27764791918424464,1.0072700246584363,0.9820001489709861
KAZ,36T39,0.9520693089798551,1.0249537325244382,0.9820001489709861
KAZ,41T43,0.9628925109464771,1.0141085800733953,0.9820001489709861
KAZ,45T47,0.990097556527568,0.9470735644195626,0.9820001489709861
KAZ,49,0.9360962468078463,0.9606868598208826,0.9820001489709861
KAZ,50,1.1636306746409797,0.9832551399015281,0.9820001489709861
KAZ,51,1.0183182617017061,0.9557489853383728,0.9820001489709861
KAZ,52,1.0112482946559396,0.9535863460748272,0.9820001489709861
KAZ,53,1.016968164036442,0.9471794239158416,0.9820001489709861
KAZ,55T56,1.0467409764069995,0.9649492915173846,0.9820001489709861
KAZ,58T60,1.0096333477144892,0.9830707336891543,0.9820001489709861
KAZ,61,0.9889293713743313,0.960960439068476,0.9820001489709861
KAZ,62T63,0.9741611301456324,0.9671433582502227,0.9820001489709861
KAZ,64T66,0.9681859072107744,0.9416370761855246,0.9820001489709861
KAZ,68,0.9841671040667971,0.9500888445295806,0.9820001489709861
KAZ,69T75,0.9748281835588809,0.9682140423844164,0.9820001489709861
KAZ,77T82,0.9734921069187558,0.959921066016375,0.9820001489709861
KAZ,84,0.9820698514815214,1.0045979354399666,0.9820001489709861
KAZ,85,0.9820316454297662,0.9994730881186661,0.9820001489709861
KAZ,86T88,0.9726743554031798,0.9956073488717906,0.9820001489709861
KAZ,90T93,0.9726012175039894,1.0068804968812346,0.9820001489709861
KAZ,94T98,0.9737045220352426,1.017620002447965,0.9820001489709861
KHM,01T02,0.3638499892266527,1.0068118068216594,1.057297716802637
KHM,03,0.9821995365057947,0.9440634315200952,1.057297716802637
KHM,05T06,1.0358002451069388,0.969732540252338,1.057297716802637
KHM,07T08,0.9197003908732408,0.9791315218143185,1.057297716802637
KHM,10T12,0.8771689739284472,1.1919398392367555,1.057297716802637
KHM,13T15,1.2259294540641463,1.0033259647106891,1.057297716802637
KHM,16,0.9794233308714263,1.0522291760158364,1.057297716802637
KHM,17T18,1.0163863243218443,1.059905393216512,1.057297716802637
KHM,19,0.1910400468221696,1.0179816090337037,1.057297716802637
KHM,20,1.065509345716851,1.0703525644504348,1.057297716802637
KHM,21,1.188939166508332,0.9957846779491648,1.057297716802637
KHM,22,0.853355408520639,1.1029436137889372,1.057297716802637
KHM,23,0.1859125622747331,1.006512977093406,1.057297716802637
KHM,24,1.7526581064848354,0.9985952389835572,1.057297716802637
KHM,25,1.2762849994107583,1.011900640778307,1.057297716802637
KHM,26,1.098712026165131,0.9973468937545882,1.057297716802637
KHM,27,1.1694576273238109,1.007949078896909,1.057297716802637
KHM,28,1.16322321927241,0.9943527351844182,1.057297716802637
KHM,29T30,1.121937035127422,1.0038732430599395,1.057297716802637
KHM,31T33,0.894163649209068,1.009524641502553,1.057297716802637
KHM,35,0.5902531396740094,1.0693438406428635,1.057297716802637
KHM,36T39,1.0253170029198455,1.0428126839847947,1.057297716802637
KHM,41T43,1.0356815765166285,0.9958128908712809,1.057297716802637
KHM,45T47,1.067613748321439,0.9995658967476795,1.057297716802637
KHM,49,0.9535582010261722,0.9909490406429702,1.057297716802637
KHM,50,1.0646724945878745,1.0151643320904709,1.057297716802637
KHM,51,0.6593417287094276,1.0277527174021546,1.057297716802637
KHM,52,1.1006755704289821,0.9801768016087978,1.057297716802637
KHM,53,1.1202149239158083,0.9836883991569629,1.057297716802637
KHM,55T56,0.9810936360082472,1.101527678960367,1.057297716802637
KHM,58T60,1.0805159292535722,0.9998231785291702,1.057297716802637
KHM,61,1.0569578781021782,0.9859109425611626,1.057297716802637
KHM,62T63,1.0629956919736445,1.0017318929191528,1.057297716802637
KHM,64T66,1.1190717462877744,0.9563989162399664,1.057297716802637
KHM,68,1.0685816641421153,0.9877860975603949,1.057297716802637
KHM,69T75,1.0726052809384483,0.9975367343028992,1.057297716802637
KHM,77T82,1.0589039572143808,0.9975401191225591,1.057297716802637
KHM,84,1.0556972581536435,1.0156713703810345,1.057297716802637
KHM,85,1.070326161390612,0.9710768432837641,1.057297716802637
KHM,86T88,1.0597535052534521,0.9817240448016147,1.057297716802637
KHM,90T93,1.0749156872091232,0.9818036171059656,1.057297716802637
KHM,94T98,1.0573169393821,0.9754068075820755,1.057297716802637
KOR,01T02,1.0806109178845578,1.0469269363333515,1.0636255027366293
KOR,03,0.9946169502233729,1.0517017924669296,1.0636255027366293
KOR,05T06,0.36559610172513224,1.0435121305468247,1.0636255027366293
KOR,07T08,0.9366285021665021,1.0532597356429694,1.0636255027366293
KOR,10T12,1.0562118487839618,1.0678864088148217,1.0636255027366293
KOR,13T15,1.0034571932271965,1.057991090029952,1.0636255027366293
KOR,16,1.0607067312851994,1.0674905189039814,1.0636255027366293
KOR,17T18,0.999300382068931,1.0624049255369605,1.0636255027366293
KOR,19,0.9577459494882359,1.0608157793653625,1.0636255027366293
KOR,20,1.0041528158685988,1.0727354596663239,1.0636255027366293
KOR,21,1.033957406878867,1.0551470753297258,1.0636255027366293
KOR,22,1.0298409572901774,1.0647866102226002,1.0636255027366293
KOR,23,0.9290809755020241,1.0889051311324145,1.0636255027366293
KOR,24,0.9264623069656039,1.1102644645293196,1.0636255027366293
KOR,25,1.026567428373876,1.0742435227636205,1.0636255027366293
KOR,26,1.0196518781829516,1.0503099462260597,1.0636255027366293
KOR,27,1.02544398314707,1.066075950453881,1.0636255027366293
KOR,28,1.0267496741696087,1.0620292320568994,1.0636255027366293
KOR,29T30,1.0042568624418318,1.0642942182733444,1.0636255027366293
KOR,31T33,1.0399800558637584,1.0579800298920337,1.0636255027366293
KOR,35,0.7298997294250167,1.119344811613439,1.0636255027366293
KOR,36T39,1.0154121774001854,1.0534389100855965,1.0636255027366293
KOR,41T43,1.0589482079529777,1.0665245936909042,1.0636255027366293
KOR,45T47,1.000570091756433,1.0433207235715438,1.0636255027366293
KOR,49,0.9720399052771357,1.0518205077342921,1.0636255027366293
KOR,50,0.8985492260224709,1.0721763456924942,1.0636255027366293
KOR,51,0.8272696108670617,1.0499455532697608,1.0636255027366293
KOR,52,0.9715716298468934,1.0471051967112897,1.0636255027366293
KOR,53,0.9742297273215527,1.048618050507922,1.0636255027366293
KOR,55T56,1.0357131705494853,1.0557349875965478,1.0636255027366293
KOR,58T60,1.0207667349824892,1.0379659514668258,1.0636255027366293
KOR,61,1.0247406151690777,1.0428949416569708,1.0636255027366293
KOR,62T63,1.0227204191457075,1.0329587174298707,1.0636255027366293
KOR,64T66,1.0358119458823853,1.031322761057836,1.0636255027366293
KOR,68,1.055186582240376,1.0310708776094903,1.0636255027366293
KOR,69T75,1.0134717743940225,1.0498220094399933,1.0636255027366293
KOR,77T82,1.0109429822104383,1.0335135201178791,1.0636255027366293
KOR,84,1.061682536326654,1.0328866705791022,1.0636255027366293
KOR,85,1.0600894035059258,1.0402377123069646,1.0636255027366293
KOR,86T88,1.057560369505228,1.0451608796491594,1.0636255027366293
KOR,90T93,1.0437285312694249,1.0490463558921597,1.0636255027366293
KOR,94T98,1.0409113464603303,1.0488758358510566,1.0636255027366293
LAO,01T02,0.5413967430042602,0.9823419701174214,1.001784817567824
LAO,03,0.8506899964072487,0.9168997904484867,1.001784817567824
LAO,05T06,0.9062095442857738,0.9608983545793298,1.001784817567824
LAO,07T08,0.9468809531120772,0.9629618361937088,1.001784817567824
LAO,10T12,0.859883827507799,1.2009854677061798,1.001784817567824
LAO,13T15,1.2672248844818375,0.9567948698243697,1.001784817567824
LAO,16,0.9188050374611733,1.1279113994540202,1.001784817567824
LAO,17T18,0.8578610147935983,1.1178231580716478,1.001784817567824
LAO,19,1.08119520899484,0.9905584441336132,1.001784817567824
LAO,20,1.322767031097738,0.9877461147679344,1.001784817567824
LAO,21,1.0326340409484975,0.9656935361816136,1.001784817567824
LAO,22,0.7316945599043536,1.015885563078689,1.001784817567824
LAO,23,1.0113569700381033,0.9919130861129343,1.001784817567824
LAO,24,2.033471015873469,0.9965655994107709,1.001784817567824
LAO,25,1.314374351724717,0.9987890775682646,1.001784817567824
LAO,26,1.077495541014459,0.9943829586155168,1.001784817567824
LAO,27,1.2065069002110709,0.9983450453406628,1.001784817567824
LAO,28,1.1879002293861842,1.0006235130364638,1.001784817567824
LAO,29T30,1.123061001334549,1.0047442718944,1.001784817567824
LAO,31T33,0.6200862807698286,1.0277248002134272,1.001784817567824
LAO,35,0.30878204978330137,0.9882297290146407,1.001784817567824
LAO,36T39,0.9337269183019788,0.9732729783505077,1.001784817567824
LAO,41T43,0.981288688571141,1.0120919984581487,1.001784817567824
LAO,45T47,1.0020637216004042,0.9595172877683388,1.001784817567824
LAO,49,1.0484368664280412,0.9760637695281352,1.001784817567824
LAO,50,0.5484593227389619,1.0162312475513988,1.001784817567824
LAO,51,1.0349042061651503,0.951626594193221,1.001784817567824
LAO,52,0.8846540369608737,1.0021278960842819,1.001784817567824
LAO,53,1.0321504841105367,0.9549282831232179,1.001784817567824
LAO,55T56,0.9976497287729713,1.043162689064867,1.001784817567824
LAO,58T60,0.9755024764032117,1.032118802234314,1.001784817567824
LAO,61,1.0061354940545624,0.9563363178579404,1.001784817567824
LAO,62T63,1.0121971440479698,0.9889975031031502,1.001784817567824
LAO,64T66,1.017686000589474,0.935316313632348,1.001784817567824
LAO,68,1.0172993931127574,0.9358209193129564,1.001784817567824
LAO,69T75,1.0191401343810207,0.975013105666073,1.001784817567824
LAO,77T82,0.9995965755016616,0.9824792905002605,1.001784817567824
LAO,84,1.0019261412859697,0.9609505118280227,1.001784817567824
LAO,85,1.0132917679777416,0.9553093709232294,1.001784817567824
LAO,86T88,0.9954103227429945,0.9704029549707573,1.001784817567824
LAO,90T93,1.026861613142091,0.9680554389951769,1.001784817567824
LAO,94T98,1.0085146646854257,0.9507974453572712,1.001784817567824
LTU,01T02,0.6931124548434079,1.0567251934148651,1.0500444940400848
LTU,03,1.0260092945931776,1.0385983457570886,1.0500444940400848
LTU,05T06,0.610333257979621,1.0403525349940081,1.0500444940400848
LTU,07T08,0.9931105797900994,1.0388550896202835,1.0500444940400848
LTU,10T12,1.0314676826242306,1.0697660437771996,1.0500444940400848
LTU,13T15,1.0555853923984178,1.0318824601268572,1.0500444940400848
LTU,16,1.0603366450411547,1.0641439872736662,1.0500444940400848
LTU,17T18,1.0444559640944011,1.040506415852282,1.0500444940400848
LTU,19,1.0202236877109248,1.043209587109043,1.0500444940400848
LTU,20,0.6032342473218965,1.077004749496369,1.0500444940400848
LTU,21,1.0378492123966314,1.031094330792665,1.0500444940400848
LTU,22,1.063390643104224,1.0536307614847684,1.0500444940400848
LTU,23,0.9219896118310695,1.038112620959229,1.0500444940400848
LTU,24,1.4616392082554377,1.0564686539732944,1.0500444940400848
LTU,25,1.0787954894470841,1.0411656498493194,1.0500444940400848
LTU,26,1.0490536924510803,1.0308842127831,1.0500444940400848
LTU,27,1.0570533619201332,1.0437959750389876,1.0500444940400848
LTU,28,1.034350957907552,1.041083938482265,1.0500444940400848
LTU,29T30,1.0512854416809791,1.040167728423289,1.0500444940400848
LTU,31T33,1.090227681282546,1.0363745184012039,1.0500444940400848
LTU,35,1.073313614296834,1.0347459885110335,1.0500444940400848
LTU,36T39,1.0356926623088532,1.0312822745374812,1.0500444940400848
LTU,41T43,1.0427511981871462,1.034404346821759,1.0500444940400848
LTU,45T47,1.0203320873587431,1.022127103713548,1.0500444940400848
LTU,49,1.005167344600674,1.0289994068671622,1.0500444940400848
LTU,50,0.8831952993887934,1.0278343524610525,1.0500444940400848
LTU,51,1.2219695170297642,1.036922684974144,1.0500444940400848
LTU,52,0.9989637807620002,1.0263435539755417,1.0500444940400848
LTU,53,1.0297449967203105,1.0237124196619816,1.0500444940400848
LTU,55T56,1.0391281634942855,1.0273785355223677,1.0500444940400848
LTU,58T60,1.0038982312620246,1.0302334537731639,1.0500444940400848
LTU,61,1.0249106705056252,1.0215041447707038,1.0500444940400848
LTU,62T63,1.0162786423531065,1.0196093630916623,1.0500444940400848
LTU,64T66,1.0243832276055411,1.0180199486387906,1.0500444940400848
LTU,68,1.0294185105584515,1.0243560096759277,1.0500444940400848
LTU,69T75,1.009926832316776,1.0209370378657527,1.0500444940400848
LTU,77T82,1.0217042372765675,1.0242159504169492,1.0500444940400848
LTU,84,1.0471840755194632,1.0202649434619238,1.0500444940400848
LTU,85,1.047196790163973,1.0182756762490826,1.0500444940400848
LTU,86T88,1.0470693827749795,1.0215532474333995,1.0500444940400848
LTU,90T93,1.0400956225121438,1.0227101346551901,1.0500444940400848
LTU,94T98,1.0373666316072425,1.0219424650120568,1.0500444940400848
LVA,01T02,0.7857407985840806,1.0793832942227528,1.0413105166417689
LVA,03,0.9741424490368933,1.0338624336288667,1.0413105166417689
LVA,05T06,0.028020290679953465,1.0445665976671223,1.0413105166417689
LVA,07T08,0.9767102623686991,1.0353906188052606,1.0413105166417689
LVA,10T12,1.0274202830050574,1.0724927241840463,1.0413105166417689
LVA,13T15,1.0258040130409982,1.037724203864916,1.0413105166417689
LVA,16,0.9806329174715946,1.0851460774211694,1.0413105166417689
LVA,17T18,1.0717657042209798,1.0336375338590011,1.0413105166417689
LVA,19,0.12924590212837495,1.0310435826143944,1.0413105166417689
LVA,20,1.0988151140269753,1.062705799519874,1.0413105166417689
LVA,21,1.0341077686314493,1.0272138306612693,1.0413105166417689
LVA,22,1.0837010202537978,1.0469710287962712,1.0413105166417689
LVA,23,0.8797276083034362,1.0407588467081919,1.0413105166417689
LVA,24,1.4835132281085015,1.0551847358715598,1.0413105166417689
LVA,25,1.0501905786388623,1.0479572600637952,1.0413105166417689
LVA,26,1.046882681854488,1.0293194066051707,1.0413105166417689
LVA,27,1.0629784558846849,1.0346939141594773,1.0413105166417689
LVA,28,1.033377943205449,1.0374682975322664,1.0413105166417689
LVA,29T30,1.0191750647074236,1.0495412047632868,1.0413105166417689
LVA,31T33,1.0555377330157671,1.040651129943921,1.0413105166417689
LVA,35,0.9758260967344643,1.0509499877273727,1.0413105166417689
LVA,36T39,1.0446814938396842,1.0300415525654232,1.0413105166417689
LVA,41T43,1.029425222318985,1.042545032538469,1.0413105166417689
LVA,45T47,1.0097064397253055,1.0222578795098147,1.0413105166417689
LVA,49,0.9495220464223558,1.0308630602557867,1.0413105166417689
LVA,50,1.0982354823542229,1.0297429690656001,1.0413105166417689
LVA,51,1.0326208017505103,1.0422377619946108,1.0413105166417689
LVA,52,1.0031607016327149,1.0253375218860736,1.0413105166417689
LVA,53,1.0309177483964822,1.0190089210409927,1.0413105166417689
LVA,55T56,1.0367010724196957,1.0288086220778256,1.0413105166417689
LVA,58T60,0.9863356616062124,1.0189049988596728,1.0413105166417689
LVA,61,1.034319878261999,1.0161053548189705,1.0413105166417689
LVA,62T63,1.0174968221193776,1.0132165049512487,1.0413105166417689
LVA,64T66,1.014929552288969,1.0132340916540123,1.0413105166417689
LVA,68,1.0317675823383694,1.0181198971030854,1.0413105166417689
LVA,69T75,1.0176561875526284,1.0165461205402926,1.0413105166417689
LVA,77T82,1.0122529418045239,1.0275129342011666,1.0413105166417689
LVA,84,1.0394242227245702,1.0169174172440956,1.0413105166417689
LVA,85,1.0397472437083854,1.0198994660975844,1.0413105166417689
LVA,86T88,1.0385412432042165,1.0222987319642285,1.0413105166417689
LVA,90T93,1.036726174147018,1.0249122325282587,1.0413105166417689
LVA,94T98,1.0367612597269176,1.02371829451666,1.0413105166417689
MAR,01T02,1.005368862207412,1.0473925030629656,1.0616084233488012
MAR,03,1.0328939181322356,1.0299378602692333,1.0616084233488012
MAR,05T06,0.8936127112343327,1.0419133767614657,1.0616084233488012
MAR,07T08,0.9201057432031231,1.041884706128923,1.0616084233488012
MAR,10T12,1.0444879544813765,1.0783423247473145,1.0616084233488012
MAR,13T15,1.0204202304656904,1.0447045891793765,1.0616084233488012
MAR,16,1.089439820267783,1.0571795679210703,1.0616084233488012
MAR,17T18,1.003597841094802,1.0511338984764858,1.0616084233488012
MAR,19,0.9451174337126448,1.088352017728142,1.0616084233488012
MAR,20,1.0897016651450948,1.051672314193857,1.0616084233488012
MAR,21,1.0431843960618579,1.0416816343852564,1.0616084233488012
MAR,22,1.0304329253728282,1.085274681079118,1.0616084233488012
MAR,23,0.6578439709123843,1.0931764489416214,1.0616084233488012
MAR,24,1.1926485154180753,1.067361573372043,1.0616084233488012
MAR,25,1.029170468923533,1.0659299646087679,1.0616084233488012
MAR,26,1.0200114328808307,1.0553819352063765,1.0616084233488012
MAR,27,1.0525236716129318,1.0511468510452302,1.0616084233488012
MAR,28,1.0342406791202983,1.0555283205788584,1.0616084233488012
MAR,29T30,1.0269724178764337,1.052731778087767,1.0616084233488012
MAR,31T33,1.0998710494300508,1.0423256824028626,1.0616084233488012
MAR,35,0.6698072368418228,1.0437241906484118,1.0616084233488012
MAR,36T39,1.0215583079275956,1.034439766053459,1.0616084233488012
MAR,41T43,1.0497397215275044,1.1001248312592076,1.0616084233488012
MAR,45T47,1.0076294241830777,1.0357532719578992,1.0616084233488012
MAR,49,0.9338263091786765,1.0406566375261816,1.0616084233488012
MAR,50,0.9181916194588619,1.0622967194818353,1.0616084233488012
MAR,51,0.7068433990347951,1.0581077924011633,1.0616084233488012
MAR,52,0.9858850453779834,1.0388451159086352,1.0616084233488012
MAR,53,1.0265989671705422,1.0314907372886508,1.0616084233488012
MAR,55T56,1.0361021889518733,1.0450072316650891,1.0616084233488012
MAR,58T60,0.9534598097095696,1.0608842734206076,1.0616084233488012
MAR,61,1.0316219726028002,1.03696429065794,1.0616084233488012
MAR,62T63,1.051165384270201,1.0185598657889006,1.0616084233488012
MAR,64T66,1.0154386277768217,1.0224713576500073,1.0616084233488012
MAR,68,1.0487193343734158,1.0177851057225442,1.0616084233488012
MAR,69T75,1.0331124798698845,1.019229570870042,1.0616084233488012
MAR,77T82,1.0257321131961896,1.020430377020642,1.0616084233488012
MAR,84,1.0584614197793578,1.0349507546181684,1.0616084233488012
MAR,85,1.060023876673875,1.0269870490965678,1.0616084233488012
MAR,86T88,1.055780997051491,1.0310553035646568,1.0616084233488012
MAR,90T93,1.0281539062760814,1.0404408085315964,1.0616084233488012
MAR,94T98,1.0462317350996622,1.0284322061695716,1.0616084233488012
MEX,01T02,0.828418794073617,1.034168893225588,1.0346296690168928
MEX,03,1.0007849827238784,1.0329473213304672,1.0346296690168928
MEX,05T06,0.7989617957135383,1.0263872926667619,1.0346296690168928
MEX,07T08,0.9786904377977449,1.031458851916882,1.0346296690168928
MEX,10T12,1.0341203891153083,1.071536542469553,1.0346296690168928
MEX,13T15,1.0332550704617631,1.0417538942479567,1.0346296690168928
MEX,16,0.9754004921018419,1.0744921593470744,1.0346296690168928
MEX,17T18,1.0041417537607964,1.046870535282189,1.0346296690168928
MEX,19,0.8962566462688092,1.0864671307526155,1.0346296690168928
MEX,20,0.6213680508576243,1.0733963099212476,1.0346296690168928
MEX,21,0.9884573541728322,1.0533748198536406,1.0346296690168928
MEX,22,0.9125998898201034,1.0738631236403737,1.0346296690168928
MEX,23,0.6881108099642245,1.0984904253728467,1.0346296690168928
MEX,24,1.0853704605821286,1.0511831867974166,1.0346296690168928
MEX,25,1.0263688935761213,1.0593487673740143,1.0346296690168928
MEX,26,1.0370522248736718,1.037525749386468,1.0346296690168928
MEX,27,1.0423390578169276,1.052381659570889,1.0346296690168928
MEX,28,1.0454172524858414,1.0372097458185658,1.0346296690168928
MEX,29T30,1.03633546127862,1.0423618312162861,1.0346296690168928
MEX,31T33,0.9429260475271692,1.0441749186090838,1.0346296690168928
MEX,35,0.7082985752584754,1.0270306885991434,1.0346296690168928
MEX,36T39,1.0042134291795943,1.0714592876958025,1.0346296690168928
MEX,41T43,1.0302340541686779,1.0329663140609529,1.0346296690168928
MEX,45T47,1.021999624488031,1.0090771808823984,1.0346296690168928
MEX,49,0.9699224804731743,1.023251382908969,1.0346296690168928
MEX,50,0.8474252970302077,1.0116724270191457,1.0346296690168928
MEX,51,1.0008318789304325,1.0424432511888453,1.0346296690168928
MEX,52,1.0116968755483104,1.0167554068070837,1.0346296690168928
MEX,53,0.9952472083614886,1.0238293749969665,1.0346296690168928
MEX,55T56,1.045743624631099,1.0201797202472294,1.0346296690168928
MEX,58T60,1.0333311044758704,1.0191004394202345,1.0346296690168928
MEX,61,1.0302199950128859,1.0098940631138376,1.0346296690168928
MEX,62T63,1.0311960948049346,1.0138062125333496,1.0346296690168928
MEX,64T66,1.0343135260297396,1.0041564907141307,1.0346296690168928
MEX,68,1.0322298331917237,1.0013169010036238,1.0346296690168928
MEX,69T75,1.007588203518205,1.010018277891324,1.0346296690168928
MEX,77T82,1.0035377542090225,1.0084892897719455,1.0346296690168928
MEX,84,1.034211301323931,1.0179703068941945,1.0346296690168928
MEX,85,1.0354613520012357,1.0076048910734616,1.0346296690168928
MEX,86T88,1.0328573708318665,1.0195482615056524,1.0346296690168928
MEX,90T93,1.0358325483388378,1.0147684331321594,1.0346296690168928
MEX,94T98,1.0306308678061447,1.0085612607115955,1.0346296690168928
MLT,01T02,1.1555329953273579,1.0411083944704789,1.0584235966699929
MLT,03,1.0263915550935765,1.0691885325824229,1.0584235966699929
MLT,05T06,0.9344956597202297,1.055642506112508,1.0584235966699929
MLT,07T08,1.0427682952172665,1.0435368883555807,1.0584235966699929
MLT,10T12,1.0865447841260163,1.0561519482519868,1.0584235966699929
MLT,13T15,0.9755655356792308,1.0607201209732038,1.0584235966699929
MLT,16,1.0658586532891459,1.0484259760625685,1.0584235966699929
MLT,17T18,1.0973032731061687,1.0496239821051387,1.0584235966699929
MLT,19,1.0227030349079829,1.0658012263737955,1.0584235966699929
MLT,20,1.124614755359881,1.058549982779107,1.0584235966699929
MLT,21,1.0008443499796404,1.061639624129684,1.0584235966699929
MLT,22,1.0923183725286263,1.0492111254386463,1.0584235966699929
MLT,23,1.127541542690731,1.0591264244753709,1.0584235966699929
MLT,24,1.3974757096180175,1.050973019945881,1.0584235966699929
MLT,25,1.0082726302501162,1.0616152975371318,1.0584235966699929
MLT,26,1.0103894203003856,1.0614763952855175,1.0584235966699929
MLT,27,1.0387738863489298,1.0555166663410536,1.0584235966699929
MLT,28,1.0229400179128993,1.057397618778431,1.0584235966699929
MLT,29T30,1.0418588880655555,1.043003643433899,1.0584235966699929
MLT,31T33,1.0526529183645734,1.0471127523513672,1.0584235966699929
MLT,35,0.8868535336619162,1.1223775309429103,1.0584235966699929
MLT,36T39,1.0401244648984649,1.056579380002902,1.0584235966699929
MLT,41T43,1.042866076917606,1.0487678980854416,1.0584235966699929
MLT,45T47,1.02180665135115,1.044717801049007,1.0584235966699929
MLT,49,1.0192300058337824,1.0438782727286307,1.0584235966699929
MLT,50,0.3830150127857067,1.0451655946782503,1.0584235966699929
MLT,51,1.0413602188373419,1.0521817252917753,1.0584235966699929
MLT,52,0.9701508979878283,1.0441012744240667,1.0584235966699929
MLT,53,0.9989510689767805,1.077502917198609,1.0584235966699929
MLT,55T56,1.033623683526282,1.0470419890249347,1.0584235966699929
MLT,58T60,1.0104976145563629,1.0323218721028258,1.0584235966699929
MLT,61,1.0186496218188001,1.030037589307981,1.0584235966699929
MLT,62T63,0.9949103929842686,1.0362999755458935,1.0584235966699929
MLT,64T66,1.0025762851172568,1.0396329710249481,1.0584235966699929
MLT,68,1.033295036654645,1.033203642215225,1.0584235966699929
MLT,69T75,1.0024633987031188,1.0355918731386158,1.0584235966699929
MLT,77T82,1.000189410827619,1.0418179854126821,1.0584235966699929
MLT,84,1.051023783000328,1.0318006892174676,1.0584235966699929
MLT,85,1.050392967658465,1.0272349898758326,1.0584235966699929
MLT,86T88,1.053831941145296,1.0371451487856258,1.0584235966699929
MLT,90T93,1.023941233460353,1.0269224969862558,1.0584235966699929
MLT,94T98,1.0407018544618276,1.0368787478345018,1.0584235966699929
MMR,01T02,0.5352317976046237,1.1209457548316084,1.0194225282147085
MMR,03,1.006941646206801,0.880620596781543,1.0194225282147085
MMR,05T06,0.7358333960017737,0.9656753551151791,1.0194225282147085
MMR,07T08,1.0826130252638495,0.9811741471257984,1.0194225282147085
MMR,10T12,0.8406488336392729,1.1936816806109858,1.0194225282147085
MMR,13T15,1.1222396695667494,1.0110996566713275,1.0194225282147085
MMR,16,0.8926198373715556,1.0922987006069003,1.0194225282147085
MMR,17T18,1.0809608597641573,1.0014415098637799,1.0194225282147085
MMR,19,0.9055766376072419,1.0262897109372489,1.0194225282147085
MMR,20,0.9785479460866062,1.0730558285674374,1.0194225282147085
MMR,21,0.9708488905256442,1.0516674920734206,1.0194225282147085
MMR,22,1.0413455050194986,1.0604320646053504,1.0194225282147085
MMR,23,0.910494513533613,0.9952116689340617,1.0194225282147085
MMR,24,1.7943755766843248,1.0042471910669013,1.0194225282147085
MMR,25,1.1399515175104908,0.9840569900389665,1.0194225282147085
MMR,26,1.0584201033211194,0.9714901720717067,1.0194225282147085
MMR,27,1.1281815362027432,0.9856564426875585,1.0194225282147085
MMR,28,1.1201628713717677,0.9743723130695977,1.0194225282147085
MMR,29T30,1.142511054627856,0.971946598795893,1.0194225282147085
MMR,31T33,1.0774861283439785,0.9909774711519891,1.0194225282147085
MMR,35,0.4616609009011376,1.0546929815677453,1.0194225282147085
MMR,36T39,1.024934229014609,0.9771089832057007,1.0194225282147085
MMR,41T43,0.9562059932013034,1.002526721565817,1.0194225282147085
MMR,45T47,0.9512345470910853,1.001484415022511,1.0194225282147085
MMR,49,0.9225462779998196,0.9569425315444935,1.0194225282147085
MMR,50,0.966455577741327,1.009245654756238,1.0194225282147085
MMR,51,1.0954155194464756,0.9767381500578414,1.0194225282147085
MMR,52,0.9896243880260294,0.971769050930058,1.0194225282147085
MMR,53,1.0333882179837104,0.9302813083854863,1.0194225282147085
MMR,55T56,1.02685328150142,1.0245177734784425,1.0194225282147085
MMR,58T60,1.1452311908774853,0.9578396552638083,1.0194225282147085
MMR,61,1.045038312630586,0.912154945312821,1.0194225282147085
MMR,62T63,1.250813751869005,0.9294386048831926,1.0194225282147085
MMR,64T66,1.0065511893927286,0.906542149759142,1.0194225282147085
MMR,68,1.039731141341132,0.91871596030761,1.0194225282147085
MMR,69T75,1.1505040224759864,0.9438327518035351,1.0194225282147085
MMR,77T82,1.040968133619888,0.9604956250303636,1.0194225282147085
MMR,84,1.019637440374939,0.9680871852324184,1.0194225282147085
MMR,85,1.021448054064863,0.9736373577834758,1.0194225282147085
MMR,86T88,1.016206579764613,0.9843806645370806,1.0194225282147085
MMR,90T93,1.0086533314772035,1.0286110007014853,1.0194225282147085
MMR,94T98,1.0135465384587679,1.0102762483257595,1.0194225282147085
NLD,01T02,1.1474656183933816,1.0626789532696164,1.0558925509908348
NLD,03,0.910532363281984,1.041875433118739,1.0558925509908348
NLD,05T06,0.9171710915991877,1.0556889477593785,1.0558925509908348
NLD,07T08,1.0089377598540887,1.0665512386140004,1.0558925509908348
NLD,10T12,1.0501986559053693,1.0716708487579225,1.0558925509908348
NLD,13T15,0.9837181314220549,1.0563131068742089,1.0558925509908348
NLD,16,1.103428727187034,1.050766232459749,1.0558925509908348
NLD,17T18,1.0432223301596408,1.0474721976697838,1.0558925509908348
NLD,19,0.9853586021224265,1.0678939021836638,1.0558925509908348
NLD,20,0.9424766500478792,1.0641712976972493,1.0558925509908348
NLD,21,0.99836961069371,1.0415336380177782,1.0558925509908348
NLD,22,1.0833954921169202,1.0574862599587236,1.0558925509908348
NLD,23,1.1142522885969572,1.0545073711320747,1.0558925509908348
NLD,24,0.9599772870916006,1.0723452833255713,1.0558925509908348
NLD,25,1.0507193514892514,1.0567484942747996,1.0558925509908348
NLD,26,1.0457469137538058,1.038809007827658,1.0558925509908348
NLD,27,1.0584247123091435,1.0457129352577075,1.0558925509908348
NLD,28,1.04663906006745,1.044745726253051,1.0558925509908348
NLD,29T30,1.0440440456271214,1.0461855254735468,1.0558925509908348
NLD,31T33,1.0583276573824811,1.0440743844545655,1.0558925509908348
NLD,35,0.8004755183218717,1.0636558342984233,1.0558925509908348
NLD,36T39,1.0398565783200222,1.042081376904239,1.0558925509908348
NLD,41T43,1.0457735447456111,1.0480553231014436,1.0558925509908348
NLD,45T47,1.0281502016752746,1.0369746866615186,1.0558925509908348
NLD,49,1.0248817936288928,1.0437272026548454,1.0558925509908348
NLD,50,0.8616623371859493,1.0635836586164664,1.0558925509908348
NLD,51,0.9703418002881039,1.047942706946179,1.0558925509908348
NLD,52,1.0136508114844014,1.0393717181236557,1.0558925509908348
NLD,53,1.031987544973505,1.0359242865753164,1.0558925509908348
NLD,55T56,1.0429113570223603,1.0453516488800942,1.0558925509908348
NLD,58T60,1.014196549226708,1.0361713428298673,1.0558925509908348
NLD,61,1.0239741752342808,1.03700732796446,1.0558925509908348
NLD,62T63,1.015485777740723,1.0341022165256382,1.0558925509908348
NLD,64T66,1.0326137313944772,1.0332662760534177,1.0558925509908348
NLD,68,1.049732506527695,1.0362669579735024,1.0558925509908348
NLD,69T75,1.0161581515269407,1.0354871683337514,1.0558925509908348
NLD,77T82,1.0185038559767285,1.035787041579436,1.0558925509908348
NLD,84,1.052131473951018,1.0361323873102701,1.0558925509908348
NLD,85,1.0517442745688181,1.0350682348251368,1.0558925509908348
NLD,86T88,1.0540248479044512,1.036476218721928,1.0558925509908348
NLD,90T93,1.0411715087054454,1.0423647393316957,1.0558925509908348
NLD,94T98,1.046476729263838,1.040058908379792,1.0558925509908348
NOR,01T02,0.9831102954775064,1.0456699181988134,1.0352320322522062
NOR,03,1.0368913693333335,1.0339065963041312,1.0352320322522062
NOR,05T06,0.9690927082386894,1.0251094794551578,1.0352320322522062
NOR,07T08,1.028355178441597,1.0406831989448186,1.0352320322522062
NOR,10T12,1.0519465774935755,1.0605685774652278,1.0352320322522062
NOR,13T15,1.0573345482551346,1.0359203035886098,1.0352320322522062
NOR,16,1.0913098627653866,1.0524137698599088,1.0352320322522062
NOR,17T18,1.041164616626281,1.0470778203374431,1.0352320322522062
NOR,19,0.9572484968517382,1.0591461013763859,1.0352320322522062
NOR,20,0.9048697178576836,1.0472652607876634,1.0352320322522062
NOR,21,0.9650278570721728,1.0352978014648533,1.0352320322522062
NOR,22,1.0859366649433293,1.0494272346019418,1.0352320322522062
NOR,23,1.0344712208898632,1.052590779123638,1.0352320322522062
NOR,24,0.9861868070218587,1.071615420644168,1.0352320322522062
NOR,25,1.0412035132762754,1.0534035272911557,1.0352320322522062
NOR,26,1.040011759789771,1.0329092902988986,1.0352320322522062
NOR,27,1.0440860499343483,1.047351747234806,1.0352320322522062
NOR,28,1.0337464002587786,1.0416507551606935,1.0352320322522062
NOR,29T30,1.0249218734538394,1.0440377333743907,1.0352320322522062
NOR,31T33,1.0497209296804206,1.037895079015751,1.0352320322522062
NOR,35,1.0799825862977979,1.02235502869915,1.0352320322522062
NOR,36T39,1.0243777800794602,1.0327233370405122,1.0352320322522062
NOR,41T43,1.032354678260523,1.0358897660499988,1.0352320322522062
NOR,45T47,1.0233409206194548,1.0304726545548248,1.0352320322522062
NOR,49,1.0353729672791712,1.0396079251652413,1.0352320322522062
NOR,50,0.8936023632533036,1.0659932713152669,1.0352320322522062
NOR,51,0.9212037011843618,1.0445384512181186,1.0352320322522062
NOR,52,1.0170730192435706,1.0364366153231033,1.0352320322522062
NOR,53,1.029497601997806,1.0309641049411709,1.0352320322522062
NOR,55T56,1.038212499619565,1.0328297538361175,1.0352320322522062
NOR,58T60,1.0216582080691587,1.0311328801734994,1.0352320322522062
NOR,61,1.0255057710523565,1.0236984288967204,1.0352320322522062
NOR,62T63,1.0247213892432032,1.0247243479390855,1.0352320322522062
NOR,64T66,1.020917440024559,1.0201952392665854,1.0352320322522062
NOR,68,1.0337337330482004,1.0232073547791671,1.0352320322522062
NOR,69T75,1.0201395058929161,1.025480326776173,1.0352320322522062
NOR,77T82,1.0175650740806066,1.0321107700005625,1.0352320322522062
NOR,84,1.0334110216714785,1.0279251096913076,1.0352320322522062
NOR,85,1.0353413188497753,1.0208749198905878,1.0352320322522062
NOR,86T88,1.0346378364219275,1.0219910507766876,1.0352320322522062
NOR,90T93,1.0329713935433484,1.0287182030882986,1.0352320322522062
NOR,94T98,1.032335869845713,1.026638044610985,1.0352320322522062
NZL,01T02,0.744900835992914,1.0565966189109492,1.0292680238480585
NZL,03,0.9671890880011704,1.0240641656070397,1.0292680238480585
NZL,05T06,0.8661522781087689,1.0354399512708574,1.0292680238480585
NZL,07T08,1.002325158653718,1.0015179569986643,1.0292680238480585
NZL,10T12,0.9596983427423708,1.1070498501675603,1.0292680238480585
NZL,13T15,1.0200273814013812,1.0447128048760017,1.0292680238480585
NZL,16,1.0233206497503333,1.0599463760947867,1.0292680238480585
NZL,17T18,1.0110037008431576,1.0416057356682962,1.0292680238480585
NZL,19,0.9995168738030253,1.0560704537441765,1.0292680238480585
NZL,20,0.8363579744513617,1.0461290927209392,1.0292680238480585
NZL,21,0.8982847384497752,1.0359414065902421,1.0292680238480585
NZL,22,1.015174910372213,1.033812881845373,1.0292680238480585
NZL,23,1.068266928241393,1.0263352270084607,1.0292680238480585
NZL,24,0.9588327651796174,1.0357926989011803,1.0292680238480585
NZL,25,1.0466577756819675,1.0409462544266908,1.0292680238480585
NZL,26,1.0424656512967043,1.0241435988797818,1.0292680238480585
NZL,27,1.0890743812923416,1.0243298358447988,1.0292680238480585
NZL,28,1.0391966758103874,1.0358089181281014,1.0292680238480585
NZL,29T30,1.077890357410862,1.0216995249169918,1.0292680238480585
NZL,31T33,1.0794067818926336,1.021708837946489,1.0292680238480585
NZL,35,0.9675763416734467,1.0305081886279976,1.0292680238480585
NZL,36T39,1.0003883050151496,1.0075742508325403,1.0292680238480585
NZL,41T43,1.0155954934426707,1.0242423812966348,1.0292680238480585
NZL,45T47,1.0112108063452487,1.0101392290090982,1.0292680238480585
NZL,49,0.9794366689826679,1.0189477314057767,1.0292680238480585
NZL,50,0.9108067788327165,1.0212206993121125,1.0292680238480585
NZL,51,0.9431732632420068,1.0204698077467111,1.0292680238480585
NZL,52,1.0034983115321239,1.006264186473766,1.0292680238480585
NZL,53,1.014192761912886,1.0151628956992806,1.0292680238480585
NZL,55T56,1.0407110910541884,1.022234335995567,1.0292680238480585
NZL,58T60,1.0281768543486478,1.0104341713216762,1.0292680238480585
NZL,61,1.0293273869472057,1.007395506366032,1.0292680238480585
NZL,62T63,1.0268167066616398,1.0029937808466414,1.0292680238480585
NZL,64T66,1.0097958293821776,1.0016217200665007,1.0292680238480585
NZL,68,1.022664329382098,1.0036683051215094,1.0292680238480585
NZL,69T75,1.006526358439657,1.0073333900559016,1.0292680238480585
NZL,77T82,0.998570844875007,1.008739525795053,1.0292680238480585
NZL,84,1.0266637366189344,1.0080583229950582,1.0292680238480585
NZL,85,1.0271048723688192,1.0035005516383695,1.0292680238480585
NZL,86T88,1.0283898498170032,1.0091069898832328,1.0292680238480585
NZL,90T93,1.025586916968698,1.0118131063052802,1.0292680238480585
NZL,94T98,1.0168159107928616,1.0066260660178095,1.0292680238480585
PER,01T02,0.47831838299452323,1.0566765438920442,1.0684553905448213
PER,03,1.0264150689427536,1.0353191999060782,1.0684553905448213
PER,05T06,0.9367101283824026,1.0374749480464234,1.0684553905448213
PER,07T08,1.086972534441828,1.0306898360270134,1.0684553905448213
PER,10T12,1.0255336127828374,1.1628031047137852,1.0684553905448213
PER,13T15,1.0234279094112073,1.063557192077346,1.0684553905448213
PER,16,0.9691457525501332,1.1029587711016287,1.0684553905448213
PER,17T18,1.0656408480853181,1.0337021574077954,1.0684553905448213
PER,19,1.0572193335334221,1.0754918599216472,1.0684553905448213
PER,20,1.115228392845445,1.0459902197350996,1.0684553905448213
PER,21,1.0749583804323595,1.0364299016102185,1.0684553905448213
PER,22,0.9274978492796495,1.0527312230476389,1.0684553905448213
PER,23,1.0533160575640137,1.0568754866642935,1.0684553905448213
PER,24,1.5708130711213115,1.0545824016169552,1.0684553905448213
PER,25,1.0874309646590667,1.0397524067055708,1.0684553905448213
PER,26,1.06870764161176,1.0327359817627135,1.0684553905448213
PER,27,1.0946768680230672,1.0355865961440864,1.0684553905448213
PER,28,1.0722897135930307,1.0356766550039451,1.0684553905448213
PER,29T30,1.084302133636699,1.0313463250132386,1.0684553905448213
PER,31T33,0.8809108231854987,1.0624492752919745,1.0684553905448213
PER,35,0.9408716726986439,1.0433790565443728,1.0684553905448213
PER,36T39,1.0905733315502244,1.0307695448824032,1.0684553905448213
PER,41T43,1.0635442219394862,1.0460809474598127,1.0684553905448213
PER,45T47,1.039136725757299,1.0236597794435651,1.0684553905448213
PER,49,1.0267976004780404,1.035582871346091,1.0684553905448213
PER,50,0.8543903503116427,1.0369296478054553,1.0684553905448213
PER,51,1.070477674067345,1.0477736277028622,1.0684553905448213
PER,52,1.0274907156013235,1.0336501897269281,1.0684553905448213
PER,53,1.0373047247394815,1.0312123516859544,1.0684553905448213
PER,55T56,1.052488819906927,1.0659598991658021,1.0684553905448213
PER,58T60,1.0609895602372001,1.0238674309915137,1.0684553905448213
PER,61,1.0642076111911225,1.0243133239168059,1.0684553905448213
PER,62T63,1.0671056494753888,1.0203969973169609,1.0684553905448213
PER,64T66,1.0798189575924393,1.0195823562633204,1.0684553905448213
PER,68,1.0615513194193107,1.0184959274127698,1.0684553905448213
PER,69T75,1.0588081035480403,1.0235916476463491,1.0684553905448213
PER,77T82,1.083207335873214,1.0215489528540649,1.0684553905448213
PER,84,1.064917473266617,1.0291549890778335,1.0684553905448213
PER,85,1.0680426195188866,1.0186364877763312,1.0684553905448213
PER,86T88,1.0647189312675354,1.0226253091900452,1.0684553905448213
PER,90T93,1.0587673843505019,1.0382970852413294,1.0684553905448213
PER,94T98,1.0662861909815624,1.021842020537123,1.0684553905448213
PHL,01T02,0.9314797235091031,1.0317684764132982,1.0512040560260842
PHL,03,1.035745026563318,1.0214228758934607,1.0512040560260842
PHL,05T06,0.6894566068351656,1.0215637100883048,1.0512040560260842
PHL,07T08,0.903111675109651,1.022636944281945,1.0512040560260842
PHL,10T12,1.0501231246657177,1.0634265380163779,1.0512040560260842
PHL,13T15,1.058316261540622,1.0381782070395866,1.0512040560260842
PHL,16,1.0238758791877642,1.0610849836636813,1.0512040560260842
PHL,17T18,0.8447123360640927,1.068917293650095,1.0512040560260842
PHL,19,0.9856489207722285,1.058233233533237,1.0512040560260842
PHL,20,1.0946004475546123,1.0492726522221634,1.0512040560260842
PHL,21,1.0147457544209812,1.053177082121629,1.0512040560260842
PHL,22,1.086763302555208,1.057391254348777,1.0512040560260842
PHL,23,0.704590327867023,1.0646091835023417,1.0512040560260842
PHL,24,1.2136767960013664,1.0799671635021433,1.0512040560260842
PHL,25,1.0496998938596631,1.0784201516109864,1.0512040560260842
PHL,26,1.027985021749018,1.0475380679656667,1.0512040560260842
PHL,27,1.0688155273275906,1.0449247171007865,1.0512040560260842
PHL,28,1.0396493707781673,1.0501639065651032,1.0512040560260842
PHL,29T30,1.030374072961287,1.051169012235781,1.0512040560260842
PHL,31T33,1.0554313707963328,1.0495984335127868,1.0512040560260842
PHL,35,0.7688249386707581,1.0503987018255405,1.0512040560260842
PHL,36T39,1.033950341545753,1.0396100959186707,1.0512040560260842
PHL,41T43,1.037846016352517,1.0698247331391508,1.0512040560260842
PHL,45T47,1.0161696575205554,1.0342420342284708,1.0512040560260842
PHL,49,0.9779900460716188,1.0429111541585478,1.0512040560260842
PHL,50,0.7535256541880133,1.033636410370811,1.0512040560260842
PHL,51,0.8739044572407958,1.040192027515521,1.0512040560260842
PHL,52,1.0040874599829328,1.0338288917854537,1.0512040560260842
PHL,53,1.0348121356728763,1.0291234261334963,1.0512040560260842
PHL,55T56,1.0338352869583638,1.051641519830462,1.0512040560260842
PHL,58T60,0.9674193048764057,1.049643686557289,1.0512040560260842
PHL,61,1.0361635427019849,1.026494888187845,1.0512040560260842
PHL,62T63,0.9854451314180459,1.031894714401283,1.0512040560260842
PHL,64T66,1.0166645963074272,1.0178113949245462,1.0512040560260842
PHL,68,1.0445863396722452,1.021658462693208,1.0512040560260842
PHL,69T75,1.0079886887148797,1.0274998693113675,1.0512040560260842
PHL,77T82,1.0140254625217988,1.0281594237992642,1.0512040560260842
PHL,84,1.0498573883958684,1.0192834888771185,1.0512040560260842
PHL,85,1.0434771242103091,1.0196837511998527,1.0512040560260842
PHL,86T88,1.0392677099012406,1.0375685665477579,1.0512040560260842
PHL,90T93,1.0308093052735572,1.0367618617510164,1.0512040560260842
PHL,94T98,1.0418816559014354,1.0329015193527185,1.0512040560260842
POL,01T02,0.8536767204355065,1.0685489498187075,1.0547522986557287
POL,03,1.0069417460239856,1.0372027135775865,1.0547522986557287
POL,05T06,0.5894995678211816,1.0365667137742056,1.0547522986557287
POL,07T08,0.9119897441002708,1.0604790641957953,1.0547522986557287
POL,10T12,1.0183922760453623,1.0781968983242238,1.0547522986557287
POL,13T15,1.0429546757384942,1.0390050109385438,1.0547522986557287
POL,16,1.0113995521872192,1.0672879719951407,1.0547522986557287
POL,17T18,1.0217086509943305,1.0491588094068494,1.0547522986557287
POL,19,0.9303258896557669,1.0622709790163418,1.0547522986557287
POL,20,0.8343764830059213,1.066474271317051,1.0547522986557287
POL,21,0.9937205112143369,1.0231490661162124,1.0547522986557287
POL,22,1.0616228655603897,1.0575119810107096,1.0547522986557287
POL,23,0.8903684783770899,1.0719766647218694,1.0547522986557287
POL,24,0.9098128804826229,1.0963190603703417,1.0547522986557287
POL,25,1.0357794209380446,1.0562775037987775,1.0547522986557287
POL,26,1.0356739206378662,1.0437754886333541,1.0547522986557287
POL,27,1.0396284666960727,1.053702597720911,1.0547522986557287
POL,28,1.0284449125448265,1.049571818214656,1.0547522986557287
POL,29T30,1.0393164144807938,1.045707935048453,1.0547522986557287
POL,31T33,1.0697900190430405,1.0418882797972042,1.0547522986557287
POL,35,0.6753773840985184,1.062803871287097,1.0547522986557287
POL,36T39,1.012020596792662,1.0434267052184056,1.0547522986557287
POL,41T43,1.0248201172673828,1.0435662957164895,1.0547522986557287
POL,45T47,1.0216551650114136,1.026007361761478,1.0547522986557287
POL,49,0.9567321135071454,1.0382365642461908,1.0547522986557287
POL,50,1.0764113393317782,1.0346452004604312,1.0547522986557287
POL,51,1.0767183108735559,1.0370810600581748,1.0547522986557287
POL,52,1.008252950202044,1.0375684728968542,1.0547522986557287
POL,53,1.032760146421985,1.0302657995123956,1.0547522986557287
POL,55T56,1.0402363701734152,1.0418231163244325,1.0547522986557287
POL,58T60,1.0437903237478652,1.024257642151775,1.0547522986557287
POL,61,1.0382467679119072,1.0249747582520943,1.0547522986557287
POL,62T63,1.038752968180514,1.0168172521675443,1.0547522986557287
POL,64T66,1.0283114340173634,1.0192645322922087,1.0547522986557287
POL,68,1.0348770956995132,1.069984167265532,1.0547522986557287
POL,69T75,1.0316811739012572,1.0203097459942518,1.0547522986557287
POL,77T82,1.020302519091547,1.0310546561080038,1.0547522986557287
POL,84,1.0527714195919133,1.018126526657145,1.0547522986557287
POL,85,1.0529618671160632,1.021542716939429,1.0547522986557287
POL,86T88,1.0509233040721981,1.0281509192679759,1.0547522986557287
POL,90T93,1.0455981119945919,1.038936987489058,1.0547522986557287
POL,94T98,1.0414077452962762,1.026864042969736,1.0547522986557287
PRT,01T02,1.0311740477871174,1.0598041637206022,1.05296920893589
PRT,03,0.9884272056317718,1.0422172117505613,1.05296920893589
PRT,05T06,0.32814443207054517,1.0624419584526004,1.05296920893589
PRT,07T08,0.9810131336785697,1.055506783816133,1.05296920893589
PRT,10T12,1.040878242169608,1.0774463980856497,1.05296920893589
PRT,13T15,1.0246002568747163,1.04363416837014,1.05296920893589
PRT,16,1.0195514653759061,1.0699438352305695,1.05296920893589
PRT,17T18,0.9820136259133783,1.06665275261219,1.05296920893589
PRT,19,0.9727211903481617,1.0776838250318794,1.05296920893589
PRT,20,0.9736361867211951,1.0716066414363166,1.05296920893589
PRT,21,1.0154703135321659,1.047470600863369,1.05296920893589
PRT,22,1.0648857625985226,1.0609082691197331,1.05296920893589
PRT,23,0.896951309912344,1.0688380749509452,1.05296920893589
PRT,24,1.1816651390374762,1.0759712187008081,1.05296920893589
PRT,25,1.033511921524746,1.0575406156661595,1.05296920893589
PRT,26,1.031873699117561,1.0458148120189374,1.05296920893589
PRT,27,1.031053585172159,1.0596676482882847,1.05296920893589
PRT,28,1.0224303660642065,1.056405684057429,1.05296920893589
PRT,29T30,1.0364919684035356,1.0499405246416689,1.05296920893589
PRT,31T33,1.0606941142182646,1.0483638246613092,1.05296920893589
PRT,35,0.8917815976278107,1.1181498392377542,1.05296920893589
PRT,36T39,1.0635794196421833,1.0497185676578236,1.05296920893589
PRT,41T43,1.0426943094401728,1.0576366881774444,1.05296920893589
PRT,45T47,1.0242998770943208,1.038694559487949,1.05296920893589
PRT,49,0.9552892295512554,1.0467445152188273,1.05296920893589
PRT,50,0.7990386214089511,1.0489178577835045,1.05296920893589
PRT,51,0.9744693934421073,1.0478008169352195,1.05296920893589
PRT,52,1.0144609691689825,1.0376082132202593,1.05296920893589
PRT,53,1.0325992717643255,1.0346581046446914,1.05296920893589
PRT,55T56,1.0366842633045577,1.0475050111211248,1.05296920893589
PRT,58T60,1.0222191985591773,1.0381684202942025,1.05296920893589
PRT,61,1.0347764568339142,1.0366180524992288,1.05296920893589
PRT,62T63,1.025828523410779,1.0334694274117617,1.05296920893589
PRT,64T66,1.034054497436646,1.0313879029489708,1.05296920893589
PRT,68,1.0495935455495566,1.031164686628164,1.05296920893589
PRT,69T75,1.0225596344498011,1.0353448068721496,1.05296920893589
PRT,77T82,1.0228727580562633,1.0352798182323102,1.05296920893589
PRT,84,1.0495263717443848,1.036410707730823,1.05296920893589
PRT,85,1.051262492753073,1.032111955502304,1.05296920893589
PRT,86T88,1.0497707144663964,1.0396482681365469,1.05296920893589
PRT,90T93,1.0419813171582255,1.0396158880859483,1.05296920893589
PRT,94T98,1.0477906965455532,1.0378842767018304,1.05296920893589
ROU,01T02,0.965055169877179,1.0600506051929979,1.052063185978318
ROU,03,1.0522552881322331,1.0475227335652275,1.052063185978318
ROU,05T06,0.7790931816604755,1.0472824619811334,1.052063185978318
ROU,07T08,0.8615148093887561,1.0489095667483963,1.052063185978318
ROU,10T12,1.0509725236400127,1.066035770713479,1.052063185978318
ROU,13T15,1.0469168071094859,1.0388120656397903,1.052063185978318
ROU,16,1.0242225797512814,1.0653551703694426,1.052063185978318
ROU,17T18,1.025725246883968,1.0483163970762541,1.052063185978318
ROU,19,0.9782949668353856,1.0701035634477358,1.052063185978318
ROU,20,0.5812093240330442,1.0739260788592047,1.052063185978318
ROU,21,0.8679992396369185,1.0444358329592618,1.052063185978318
ROU,22,1.0503060292759285,1.0592299107549863,1.052063185978318
ROU,23,0.7869253273110312,1.0602703806625666,1.052063185978318
ROU,24,0.8952126958783283,1.071538084838955,1.052063185978318
ROU,25,1.002863562285006,1.0564304626148335,1.052063185978318
ROU,26,1.03384558543896,1.0455099983707383,1.052063185978318
ROU,27,1.0406218056711463,1.0508893260096264,1.052063185978318
ROU,28,1.01747345402996,1.0575014028879117,1.052063185978318
ROU,29T30,1.0259868689540894,1.050991210440747,1.052063185978318
ROU,31T33,1.068488978911183,1.0440012177920277,1.052063185978318
ROU,35,0.8699902780622384,1.075035546733553,1.052063185978318
ROU,36T39,1.0408657570203066,1.0445972934880643,1.052063185978318
ROU,41T43,1.0411763031930599,1.0653100702109084,1.052063185978318
ROU,45T47,1.0180319391418844,1.0360605171781259,1.052063185978318
ROU,49,1.0216546681498255,1.0400660215007773,1.052063185978318
ROU,50,1.1094561119511237,1.0362929480561178,1.052063185978318
ROU,51,1.0316541869950362,1.042979374654435,1.052063185978318
ROU,52,1.0181909964226648,1.0358949139564133,1.052063185978318
ROU,53,1.0255471527021065,1.0356039893067348,1.052063185978318
ROU,55T56,1.0396378855872745,1.037501434912867,1.052063185978318
ROU,58T60,1.0355029660692632,1.0304712877929298,1.052063185978318
ROU,61,1.0305117029400774,1.0370806162051978,1.052063185978318
ROU,62T63,1.0177892329028921,1.0277660877199084,1.052063185978318
ROU,64T66,1.0202920193585219,1.0252341441151551,1.052063185978318
ROU,68,1.0451659781562301,1.0234120465371124,1.052063185978318
ROU,69T75,1.0195573924418055,1.0335899489524771,1.052063185978318
ROU,77T82,1.023390602700329,1.033442692662338,1.052063185978318
ROU,84,1.049487318353792,1.0224285367814538,1.052063185978318
ROU,85,1.0455197406562207,1.0235003079208438,1.052063185978318
ROU,86T88,1.048011623664168,1.0293771527734397,1.052063185978318
ROU,90T93,1.0462725518840428,1.032807517788259,1.052063185978318
ROU,94T98,1.0417296362547197,1.032891417072671,1.052063185978318
ROW,01T02,0.6819698242889635,1.0177885445939174,1.0165076897496539
ROW,03,1.0053195132977315,0.9660805987736173,1.0165076897496539
ROW,05T06,0.7736692886772116,0.9800299012004164,1.0165076897496539
ROW,07T08,1.0138213131913614,0.9746370542998282,1.0165076897496539
ROW,10T12,0.993642265761575,1.0892746801786415,1.0165076897496539
ROW,13T15,1.1161609510222688,0.9964789837058402,1.0165076897496539
ROW,16,1.0049752577670164,1.043323441012428,1.0165076897496539
ROW,17T18,1.038667503948035,1.022411851045572,1.0165076897496539
ROW,19,0.9370651884426529,1.0360387256271235,1.0165076897496539
ROW,20,0.7864163156519317,1.0361587490285562,1.0165076897496539
ROW,21,1.0353452475920848,0.9951449531734305,1.0165076897496539
ROW,22,0.6417311193366259,1.0511312288810675,1.0165076897496539
ROW,23,0.7745585218076972,1.0264771744714822,1.0165076897496539
ROW,24,1.1481503494152034,1.0401314430105897,1.0165076897496539
ROW,25,1.0749428424722656,1.0194640201624559,1.0165076897496539
ROW,26,1.0533793320315914,1.001191599314802,1.0165076897496539
ROW,27,1.0644668520110019,1.022099606939056,1.0165076897496539
ROW,28,1.0589744720093544,1.0088869513048135,1.0165076897496539
ROW,29T30,1.0896304904531595,1.00234256990604,1.0165076897496539
ROW,31T33,0.7204834581954407,1.0033962124554094,1.0165076897496539
ROW,35,0.6586157195694317,1.0429613761470566,1.0165076897496539
ROW,36T39,0.9981389414692752,0.9862476892538299,1.0165076897496539
ROW,41T43,1.0083410610449728,1.0097503544880408,1.0165076897496539
ROW,45T47,1.0094818389542835,0.9712079914993381,1.0165076897496539
ROW,49,0.9468787083779266,0.9818953756845482,1.0165076897496539
ROW,50,0.9855921702501478,0.9989218316922892,1.0165076897496539
ROW,51,0.8123642686071729,0.9952880058252539,1.0165076897496539
ROW,52,1.0183802075565047,0.9791768375525611,1.0165076897496539
ROW,53,1.0284754350245315,0.9695835242660596,1.0165076897496539
ROW,55T56,1.0368989031477027,1.0069548005052447,1.0165076897496539
ROW,58T60,1.0792680040261455,0.9688388073983045,1.0165076897496539
ROW,61,1.0226725539567112,0.9625606764095935,1.0165076897496539
ROW,62T63,1.086580526190385,0.9554006403129729,1.0165076897496539
ROW,64T66,1.0448804737053898,0.950946611361834,1.0165076897496539
ROW,68,1.0249873159878662,0.9489595271046276,1.0165076897496539
ROW,69T75,1.0549904752236234,0.956992719823602,1.0165076897496539
ROW,77T82,1.0271438022459367,0.9626562846521927,1.0165076897496539
ROW,84,1.016118147976006,0.9669855572859846,1.0165076897496539
ROW,85,1.018974484690321,0.964370564343083,1.0165076897496539
ROW,86T88,1.0142059350353103,0.9718826113501057,1.0165076897496539
ROW,90T93,1.0315877951751091,0.9778856146761614,1.0165076897496539
ROW,94T98,1.0156404678922566,0.9721204517508907,1.0165076897496539
RUS,01T02,0.8941868308791089,0.9903203420219934,0.9745270096579082
RUS,03,0.9652846870303378,0.9634120728094387,0.9745270096579082
RUS,05T06,0.796709500686751,0.9508935719043581,0.9745270096579082
RUS,07T08,0.8463138153254057,0.9718708821845986,0.9745270096579082
RUS,10T12,0.9969904961650983,1.0257742417159792,0.9745270096579082
RUS,13T15,1.1429764093345214,0.9805230898039179,0.9745270096579082
RUS,16,0.8187167585640526,1.0269641125677393,0.9745270096579082
RUS,17T18,0.9916862351147799,1.010682413319638,0.9745270096579082
RUS,19,0.8891558321262323,0.9903474875893749,0.9745270096579082
RUS,20,0.6169519537961045,1.0368168975490963,0.9745270096579082
RUS,21,0.9885216200440577,0.9775755212246432,0.9745270096579082
RUS,22,0.9216241234703636,1.0589841088839904,0.9745270096579082
RUS,23,0.7012972115187094,1.0676235917489825,0.9745270096579082
RUS,24,0.5811330075718251,1.0648671228077844,0.9745270096579082
RUS,25,0.9343691210800849,1.0518275808464959,0.9745270096579082
RUS,26,1.0191660167407022,0.983610595410428,0.9745270096579082
RUS,27,0.9579868787543817,1.0484705947207984,0.9745270096579082
RUS,28,0.9580425441714787,1.0336256089202513,0.9745270096579082
RUS,29T30,1.0001052139292526,1.0093787057493042,0.9745270096579082
RUS,31T33,0.9718916046154137,1.0016985687494135,0.9745270096579082
RUS,35,0.543985704608068,1.1220625480647697,0.9745270096579082
RUS,36T39,0.8362641740151459,1.0462446958565697,0.9745270096579082
RUS,41T43,0.9487023254001897,1.0023873688724072,0.9745270096579082
RUS,45T47,0.9775519161542763,0.9535479315691463,0.9745270096579082
RUS,49,0.8219313526333107,0.975493337797192,0.9745270096579082
RUS,50,0.6245383155294388,0.9686554608255933,0.9745270096579082
RUS,51,0.9005349068553052,0.9881848079764424,0.9745270096579082
RUS,52,0.9192303621258032,0.9785058687243148,0.9745270096579082
RUS,53,0.9976154720305698,0.9582248847016559,0.9745270096579082
RUS,55T56,1.0363291874237741,0.9707133863857618,0.9745270096579082
RUS,58T60,1.1192788171146906,0.9499050644811801,0.9745270096579082
RUS,61,0.9942516360677698,0.9507742534491389,0.9745270096579082
RUS,62T63,1.0795676728872166,0.9356530386089951,0.9745270096579082
RUS,64T66,0.9668959104318647,0.9252293744005683,0.9745270096579082
RUS,68,0.9679664847770288,0.9468831278237867,0.9745270096579082
RUS,69T75,0.9993077944290706,0.9459501394513288,0.9745270096579082
RUS,77T82,0.9256571657037731,0.9402550903560828,0.9745270096579082
RUS,84,0.9741391699014469,0.9489870749286021,0.9745270096579082
RUS,85,0.9775312649846793,0.9402408250855026,0.9745270096579082
RUS,86T88,0.9732329690889955,0.9544459745165994,0.9745270096579082
RUS,90T93,0.9852603529002992,0.9526098773948839,0.9745270096579082
RUS,94T98,0.9833152543587742,0.9352178149375837,0.9745270096579082
SAU,01T02,1.103014458987884,0.9834549947130874,0.9844503461667659
SAU,03,0.975444716396917,0.9961811702098626,0.9844503461667659
SAU,05T06,0.9225483098462888,0.9450725738930976,0.9844503461667659
SAU,07T08,0.9984049362393446,0.954321322389971,0.9844503461667659
SAU,10T12,1.0655212784984547,0.9940834056332181,0.9844503461667659
SAU,13T15,1.0216696867798847,1.0058030576006811,0.9844503461667659
SAU,16,0.7976797887775487,1.0170963492556395,0.9844503461667659
SAU,17T18,0.9728643207089098,1.0196529132033452,0.9844503461667659
SAU,19,0.9406310341272384,0.9856918403516768,0.9844503461667659
SAU,20,0.7697829245931239,0.9915040453381014,0.9844503461667659
SAU,21,0.8687612208428971,1.006294938113885,0.9844503461667659
SAU,22,0.21013624142415738,1.0333671076317446,0.9844503461667659
SAU,23,0.7809496996938569,1.0139831303257172,0.9844503461667659
SAU,24,1.2837085115564946,1.0062675761524662,0.9844503461667659
SAU,25,1.0114539705579877,1.0071054313454557,0.9844503461667659
SAU,26,0.997112016954795,1.0091567254571272,0.9844503461667659
SAU,27,0.9995388717357405,1.0225268714283287,0.9844503461667659
SAU,28,0.9753923249105331,1.0132713477966828,0.9844503461667659
SAU,29T30,1.0909832773910406,1.004162583383848,0.9844503461667659
SAU,31T33,0.3091082397557138,1.015766678779893,0.9844503461667659
SAU,35,0.5116181547672721,0.9921446934572917,0.9844503461667659
SAU,36T39,0.9510892928146351,0.9914425251534644,0.9844503461667659
SAU,41T43,0.9504382730962816,1.0179463989781934,0.9844503461667659
SAU,45T47,0.9633495414753256,0.9886449406878691,0.9844503461667659
SAU,49,0.6914030111814704,0.990865012965756,0.9844503461667659
SAU,50,0.7541535810668354,1.0032804605714245,0.9844503461667659
SAU,51,0.9323355425286942,1.0107388364638257,0.9844503461667659
SAU,52,0.9529776359932494,1.0059552448850437,0.9844503461667659
SAU,53,0.8903848069387047,1.0209051111055851,0.9844503461667659
SAU,55T56,1.0197160212298697,0.9995757566797184,0.9844503461667659
SAU,58T60,1.0791771458243968,0.9899819065905751,0.9844503461667659
SAU,61,0.95548502598319,0.991259819933595,0.9844503461667659
SAU,62T63,0.9930740156162554,0.9918092141332416,0.9844503461667659
SAU,64T66,1.0157855688363584,0.955552212031156,0.9844503461667659
SAU,68,0.9849711769428832,0.9534836900008727,0.9844503461667659
SAU,69T75,0.9433019506011666,1.0281667159833712,0.9844503461667659
SAU,77T82,0.9388431732297405,1.0389515563165395,0.9844503461667659
SAU,84,0.9832158223809588,0.9543310258820811,0.9844503461667659
SAU,85,0.9859854482069894,0.9567347888425196,0.9844503461667659
SAU,86T88,0.9708488225879283,0.9866490422159756,0.9844503461667659
SAU,90T93,0.9950467143628304,0.9662957389540824,0.9844503461667659
SAU,94T98,0.9751325162242772,0.9592281097844194,0.9844503461667659
SGP,01T02,0.7775240815233387,1.0296226895662204,1.0505671559340666
SGP,03,0.9571518495296104,1.0316357277898296,1.0505671559340666
SGP,05T06,0.8015141091920011,1.0146823221219758,1.0505671559340666
SGP,07T08,0.988412805129607,1.029786390197582,1.0505671559340666
SGP,10T12,0.9710964387000436,1.1190710122868746,1.0505671559340666
SGP,13T15,0.9004751237801597,1.0786865040478968,1.0505671559340666
SGP,16,0.9432755032090641,1.0996146151801407,1.0505671559340666
SGP,17T18,1.013226802733699,1.0622067347196666,1.0505671559340666
SGP,19,0.989286299451104,1.0682382586349781,1.0505671559340666
SGP,20,0.9524541231786395,1.0590899858856182,1.0505671559340666
SGP,21,1.0966670222531734,1.0120841201528923,1.0505671559340666
SGP,22,0.6913132301655143,1.1072314220783668,1.0505671559340666
SGP,23,0.9879868179623557,1.096227720788063,1.0505671559340666
SGP,24,1.2691118989302805,1.09335661996078,1.0505671559340666
SGP,25,1.0200304104739093,1.073170503225947,1.0505671559340666
SGP,26,1.0294628031472737,1.0437906336870406,1.0505671559340666
SGP,27,1.0369140602133042,1.0608124983386384,1.0505671559340666
SGP,28,1.0517680222150043,1.039166474789296,1.0505671559340666
SGP,29T30,1.0215926380625138,1.0442662801481097,1.0505671559340666
SGP,31T33,0.8923854245888253,1.043281437106199,1.0505671559340666
SGP,35,0.6249980510803002,1.1053043754909495,1.0505671559340666
SGP,36T39,1.005975693679378,1.0389385974158092,1.0505671559340666
SGP,41T43,1.0312738666276031,1.051970770221852,1.0505671559340666
SGP,45T47,0.9807516167267176,1.0284412356665689,1.0505671559340666
SGP,49,0.9537099423393951,1.0301648483117973,1.0505671559340666
SGP,50,0.7501962878681535,1.0841790631975907,1.0505671559340666
SGP,51,0.8552561358643783,1.0405940577738493,1.0505671559340666
SGP,52,0.9698613751206271,1.0269023400816915,1.0505671559340666
SGP,53,0.9969893136411366,1.0260654163529659,1.0505671559340666
SGP,55T56,1.0217707256781525,1.0457696455598728,1.0505671559340666
SGP,58T60,1.0301186150367383,1.021224516552408,1.0505671559340666
SGP,61,1.0411509586530976,1.0145282028766782,1.0505671559340666
SGP,62T63,1.023207235562497,1.0143257072986682,1.0505671559340666
SGP,64T66,1.0383303745557932,1.0005639061914073,1.0505671559340666
SGP,68,1.0369329226301784,1.003985129770457,1.0505671559340666
SGP,69T75,1.0436453933283092,1.0105385965584806,1.0505671559340666
SGP,77T82,1.0240115942967931,1.0060191902780085,1.0505671559340666
SGP,84,1.047740860129886,1.0217584056677997,1.0505671559340666
SGP,85,1.0495261680821226,1.0087551933870718,1.0505671559340666
SGP,86T88,1.0485249876575187,1.0156482192253153,1.0505671559340666
SGP,90T93,1.037275080447483,1.0211497299294698,1.0505671559340666
SGP,94T98,1.0503923517925848,0.9911821993877374,1.0505671559340666
SVK,01T02,1.1016385323086646,1.0554385011991407,1.0533583590512305
SVK,03,0.9893928246373498,1.0511792425162227,1.0533583590512305
SVK,05T06,0.4729951096087762,1.0410283268498537,1.0533583590512305
SVK,07T08,0.821683265582694,1.055417712845715,1.0533583590512305
SVK,10T12,1.069114988784066,1.0615664937235283,1.0533583590512305
SVK,13T15,1.0354667508523687,1.0431760060825328,1.0533583590512305
SVK,16,1.0890255228450634,1.0467005896076071,1.0533583590512305
SVK,17T18,1.026538387563966,1.054442982865917,1.0533583590512305
SVK,19,0.9461469745795713,1.061195258866827,1.0533583590512305
SVK,20,0.6300769737050945,1.0643837012934187,1.0533583590512305
SVK,21,0.8314262861076979,1.0482726744457576,1.0533583590512305
SVK,22,1.0592070003715568,1.0610030913834652,1.0533583590512305
SVK,23,0.7425480251589771,1.0753691264852379,1.0533583590512305
SVK,24,0.5397262936248335,1.0871192055670773,1.0533583590512305
SVK,25,1.0343741501640742,1.0568938878358407,1.0533583590512305
SVK,26,1.0402865964641823,1.0429453259872072,1.0533583590512305
SVK,27,1.0473221186369348,1.0511249601425532,1.0533583590512305
SVK,28,1.017994765961484,1.059801534456447,1.0533583590512305
SVK,29T30,1.0388490680989177,1.0452907819620505,1.0533583590512305
SVK,31T33,1.0986208681952185,1.0443352887345747,1.0533583590512305
SVK,35,1.0146493386159732,1.0801881194593976,1.0533583590512305
SVK,36T39,1.0287740047706095,1.0377388156808474,1.0533583590512305
SVK,41T43,1.0411323697010937,1.0428650903624472,1.0533583590512305
SVK,45T47,1.015335549511579,1.036504109017495,1.0533583590512305
SVK,49,0.9905638703080856,1.036990895658868,1.0533583590512305
SVK,50,1.1214779399582797,1.0548144364966523,1.0533583590512305
SVK,51,1.1545223977650991,1.0633854951645747,1.0533583590512305
SVK,52,1.0047267736360326,1.0431309598261644,1.0533583590512305
SVK,53,1.035403445778873,1.0317257488392924,1.0533583590512305
SVK,55T56,1.045288599559621,1.0398650637949927,1.0533583590512305
SVK,58T60,1.0359592868213192,1.0321078784612878,1.0533583590512305
SVK,61,1.0418240731037227,1.0283842644734587,1.0533583590512305
SVK,62T63,1.0225109567680155,1.0277071396131667,1.0533583590512305
SVK,64T66,1.0360527258977408,1.0261179819530206,1.0533583590512305
SVK,68,1.0456700492853652,1.0271227383974002,1.0533583590512305
SVK,69T75,1.016838312265092,1.038098940065494,1.0533583590512305
SVK,77T82,1.0285009445108582,1.03402657829561,1.0533583590512305
SVK,84,1.0510752788607405,1.0277920341049753,1.0533583590512305
SVK,85,1.0515599675513954,1.0292253783260201,1.0533583590512305
SVK,86T88,1.0504294780771832,1.0324919729228932,1.0533583590512305
SVK,90T93,1.0464024560478704,1.0351276844261046,1.0533583590512305
SVK,94T98,1.044026444731502,1.0343402378953523,1.0533583590512305
SVN,01T02,0.8729624811662312,1.058961204168264,1.054047694279645
SVN,03,1.0646419389782755,1.0433130404399895,1.054047694279645
SVN,05T06,0.5549214592079318,1.0430171850925292,1.054047694279645
SVN,07T08,0.8976203522954812,1.0581893061116143,1.054047694279645
SVN,10T12,1.0572178457194878,1.0639109005907197,1.054047694279645
SVN,13T15,1.039092699647116,1.039271179826301,1.054047694279645
SVN,16,0.9368995314349757,1.0665973106447217,1.054047694279645
SVN,17T18,0.9688416880797689,1.0549307222496882,1.054047694279645
SVN,19,0.00029136525350011074,1.053199456385247,1.054047694279645
SVN,20,1.09935805797094,1.0604378539023132,1.054047694279645
SVN,21,1.0477540078765952,1.0354698902939876,1.054047694279645
SVN,22,1.0994865635281963,1.0513113388592612,1.054047694279645
SVN,23,0.7465620735336637,1.061720815511146,1.054047694279645
SVN,24,1.2124565289809233,1.0754418058554793,1.054047694279645
SVN,25,1.0640880695806787,1.051270793559039,1.054047694279645
SVN,26,1.0408420041521114,1.0388316959460637,1.054047694279645
SVN,27,1.0374009877324368,1.0539166646904705,1.054047694279645
SVN,28,1.0274897090777222,1.0528737001396282,1.054047694279645
SVN,29T30,1.0388958838175215,1.05061334509601,1.054047694279645
SVN,31T33,1.077934662755626,1.0455613874264589,1.054047694279645
SVN,35,0.7436384493308182,1.0618551938735947,1.054047694279645
SVN,36T39,1.0545638508033528,1.0494322320314,1.054047694279645
SVN,41T43,1.038761217770792,1.0519218182339423,1.054047694279645
SVN,45T47,1.0265862712764786,1.0365305169390793,1.054047694279645
SVN,49,0.9728134589271409,1.042855445621635,1.054047694279645
SVN,50,0.637278596821959,1.08410958946354,1.054047694279645
SVN,51,1.1378898766721472,1.0431630830656549,1.054047694279645
SVN,52,1.018100108765294,1.0427200724337768,1.054047694279645
SVN,53,1.0241525518298447,1.0338420509098216,1.054047694279645
SVN,55T56,1.0419885067739787,1.0436456207380498,1.054047694279645
SVN,58T60,1.0171387515578931,1.0314931277439443,1.054047694279645
SVN,61,1.0297614454386905,1.0281653571920395,1.054047694279645
SVN,62T63,1.0155819454772177,1.0285162805530916,1.054047694279645
SVN,64T66,1.0288811117222363,1.0281195081952441,1.054047694279645
SVN,68,1.0518097678230989,1.02864395260075,1.054047694279645
SVN,69T75,1.0217806988320468,1.0348918615733276,1.054047694279645
SVN,77T82,1.0255978650746425,1.0353316813374467,1.054047694279645
SVN,84,1.050855944288245,1.0317035503336167,1.054047694279645
SVN,85,1.0502751495109501,1.0316411420541494,1.054047694279645
SVN,86T88,1.0513509138831132,1.0330691686620728,1.054047694279645
SVN,90T93,1.0482023078311686,1.0360398661687262,1.054047694279645
SVN,94T98,1.0409188111644352,1.0344535931097232,1.054047694279645
SWE,01T02,0.7446036939007611,1.1010896932542658,1.0480997834801433
SWE,03,0.9785734352302888,1.0411264260744408,1.0480997834801433
SWE,05T06,0.8686813417250854,1.0514375627111037,1.0480997834801433
SWE,07T08,1.0897949403983427,1.0412630543029644,1.0480997834801433
SWE,10T12,1.0360466929171945,1.0725760538788782,1.0480997834801433
SWE,13T15,1.0251938258157314,1.045164262610853,1.0480997834801433
SWE,16,0.9546723468604946,1.1098021466608199,1.0480997834801433
SWE,17T18,0.9708042041108397,1.0745759645615993,1.0480997834801433
SWE,19,1.0325165494811153,1.0629515320711318,1.0480997834801433
SWE,20,0.9357079817049926,1.051495177337124,1.0480997834801433
SWE,21,1.0558456142172974,1.0406522865601333,1.0480997834801433
SWE,22,1.098103158941247,1.051980599349186,1.0480997834801433
SWE,23,1.0254438978321638,1.0572279457085774,1.0480997834801433
SWE,24,1.2347199498614139,1.059185772199932,1.0480997834801433
SWE,25,1.058908145334736,1.0542612240393578,1.0480997834801433
SWE,26,1.0413932774026684,1.0393086778818639,1.0480997834801433
SWE,27,1.0552000538360178,1.0479312783418995,1.0480997834801433
SWE,28,1.0436614224190601,1.0424357523311567,1.0480997834801433
SWE,29T30,1.0457364918348857,1.0433648839554586,1.0480997834801433
SWE,31T33,1.0540884743413363,1.0456338683879325,1.0480997834801433
SWE,35,1.0535842291827608,1.0442200494706109,1.0480997834801433
SWE,36T39,1.0625480434231618,1.04094426412349,1.0480997834801433
SWE,41T43,1.0416417947805972,1.0462145536395973,1.0480997834801433
SWE,45T47,1.0264305305918444,1.0358148854427172,1.0480997834801433
SWE,49,1.02186988310747,1.0407341801098586,1.0480997834801433
SWE,50,0.7593659520423965,1.0518473687998433,1.0480997834801433
SWE,51,0.9792659396682816,1.0455081486074695,1.0480997834801433
SWE,52,1.014469923805137,1.0458795104984187,1.0480997834801433
SWE,53,1.027192804482266,1.0357749141745298,1.0480997834801433
SWE,55T56,1.037672313999011,1.0446060318442572,1.0480997834801433
SWE,58T60,1.0213388454994754,1.0343428269650283,1.0480997834801433
SWE,61,1.0272178574333495,1.033956621829055,1.0480997834801433
SWE,62T63,1.0129209932285788,1.032744700006159,1.0480997834801433
SWE,64T66,1.0237775041419162,1.0326583222368162,1.0480997834801433
SWE,68,1.0427692261649972,1.0369204720519118,1.0480997834801433
SWE,69T75,1.031384856288043,1.034564948698816,1.0480997834801433
SWE,77T82,1.026990125041061,1.0391355735962644,1.0480997834801433
SWE,84,1.045463844281879,1.035339222416493,1.0480997834801433
SWE,85,1.0464228278664445,1.0346021583747238,1.0480997834801433
SWE,86T88,1.0470553602534198,1.0346356617663248,1.0480997834801433
SWE,90T93,1.0403539548867917,1.0399092355459183,1.0480997834801433
SWE,94T98,1.042175531877474,1.0360418803325395,1.0480997834801433
THA,01T02,0.8995528246207823,1.0277267113688189,1.062705276261414
THA,03,1.0076851172159524,1.02541701030798,1.062705276261414
THA,05T06,0.6954512609485644,1.0217349596648626,1.062705276261414
THA,07T08,0.8909864707662674,1.0305099032301077,1.062705276261414
THA,10T12,1.0209875692131103,1.0868146307787554,1.062705276261414
THA,13T15,1.0502691293118127,1.0365862350399149,1.062705276261414
THA,16,0.9905844596524789,1.057593552971868,1.062705276261414
THA,17T18,1.0001610369487202,1.0418998125022916,1.062705276261414
THA,19,0.9377260597351713,1.092348064297554,1.062705276261414
THA,20,0.88849152497999,1.0617646012090558,1.062705276261414
THA,21,1.0146867124881467,1.051047830449844,1.062705276261414
THA,22,1.02171716810606,1.0799400754176216,1.062705276261414
THA,23,0.7261333779451461,1.092349715335865,1.062705276261414
THA,24,0.8807262886012985,1.0811956607938178,1.062705276261414
THA,25,0.9931633600331133,1.0792995549659479,1.062705276261414
THA,26,1.0410777515793173,1.037811237000774,1.062705276261414
THA,27,1.0175961290601887,1.067170043557272,1.062705276261414
THA,28,0.9997234323239601,1.058750862283807,1.062705276261414
THA,29T30,1.001261460751208,1.0563553897648414,1.062705276261414
THA,31T33,1.0437353156638238,1.0544606426235927,1.062705276261414
THA,35,0.8773366146106828,1.07040887862535,1.062705276261414
THA,36T39,1.028254173048902,1.025068236767308,1.062705276261414
THA,41T43,1.054072692376053,1.1089855832925908,1.062705276261414
THA,45T47,1.027041180450037,1.007218926468302,1.062705276261414
THA,49,0.8667307766883234,1.0604452173855228,1.062705276261414
THA,50,0.8728436404502464,1.0422102557788286,1.062705276261414
THA,51,0.8353851329046746,1.0633452343043455,1.062705276261414
THA,52,0.9783202710140954,1.0440378298643962,1.062705276261414
THA,53,1.0259580633641956,1.0111179883196173,1.062705276261414
THA,55T56,1.0246165148272937,1.0567894884398312,1.062705276261414
THA,58T60,1.0095933104504042,1.0267636378345806,1.062705276261414
THA,61,1.0459867352352816,1.0116593177570217,1.062705276261414
THA,62T63,0.9756272803389561,1.0229538026637444,1.062705276261414
THA,64T66,1.012202140608025,1.004903473318446,1.062705276261414
THA,68,1.0467005352040535,1.0041644630735995,1.062705276261414
THA,69T75,0.9998177798897657,1.018666455366039,1.062705276261414
THA,77T82,0.984556363601879,1.0225184053165848,1.062705276261414
THA,84,1.0628389092718262,1.0116821933333349,1.062705276261414
THA,85,1.062860712308301,1.0098640445030678,1.062705276261414
THA,86T88,1.0526682754522085,1.028361182543256,1.062705276261414
THA,90T93,1.0467776945510516,1.0171027149925735,1.062705276261414
THA,94T98,1.023392353034097,1.0336816236313116,1.062705276261414
TUN,01T02,0.9677406825039461,1.0201860663647275,1.0488150115870527
TUN,03,1.0231970751769695,1.0066073495371526,1.0488150115870527
TUN,05T06,0.6993362484577592,1.0867902816676265,1.0488150115870527
TUN,07T08,0.7891085167935663,1.0955507419338901,1.0488150115870527
TUN,10T12,1.0155105830001159,1.1004267920028126,1.0488150115870527
TUN,13T15,1.004310484794483,1.0448026105202446,1.0488150115870527
TUN,16,1.0254682054326736,1.0500421276020233,1.0488150115870527
TUN,17T18,0.9575643734062623,1.0501280637371047,1.0488150115870527
TUN,19,0.8307339664493592,1.1478517967826372,1.0488150115870527
TUN,20,0.9350253742904704,1.0733347599155962,1.0488150115870527
TUN,21,0.9913774349440337,1.043781480326587,1.0488150115870527
TUN,22,0.6377962062557186,1.0639236885294512,1.0488150115870527
TUN,23,0.47258867151480866,1.1510841212846303,1.0488150115870527
TUN,24,1.05046871502763,1.116755890194673,1.0488150115870527
TUN,25,0.9911105782978389,1.0695416724159712,1.0488150115870527
TUN,26,1.0241516685881351,1.0561346165771432,1.0488150115870527
TUN,27,1.0230863300220392,1.0643805565101363,1.0488150115870527
TUN,28,1.0252113517192403,1.05555766606141,1.0488150115870527
TUN,29T30,1.0353114720514298,1.0507415981630424,1.0488150115870527
TUN,31T33,0.7999999480626752,1.0457905071618963,1.0488150115870527
TUN,35,0.5389522597082327,1.1206847443206425,1.0488150115870527
TUN,36T39,1.0204883113414456,1.095979193630664,1.0488150115870527
TUN,41T43,1.0301436552531467,1.1202218552203362,1.0488150115870527
TUN,45T47,1.030778912042185,1.0136653893785972,1.0488150115870527
TUN,49,0.9037620705794072,1.0224300210659663,1.0488150115870527
TUN,50,1.1033708662910935,1.0318843702141327,1.0488150115870527
TUN,51,0.7203375391100875,1.0404352102624956,1.0488150115870527
TUN,52,0.9457852622931497,1.0133924392228766,1.0488150115870527
TUN,53,1.021869289868594,1.0122777132279046,1.0488150115870527
TUN,55T56,1.039025311589952,1.0297228054788599,1.0488150115870527
TUN,58T60,1.0246680082307638,1.0286603018712102,1.0488150115870527
TUN,61,1.0366570251182519,1.008428957484965,1.0488150115870527
TUN,62T63,1.0093405309917038,1.0160727457472596,1.0488150115870527
TUN,64T66,1.0074614836792266,1.0023860725819764,1.0488150115870527
TUN,68,1.0449419349559117,1.0098826090552953,1.0488150115870527
TUN,69T75,1.0180743309793778,1.0204741102668844,1.0488150115870527
TUN,77T82,1.0158127174400557,1.0200751369235397,1.0488150115870527
TUN,84,1.0487285707792442,1.0012843958719588,1.0488150115870527
TUN,85,1.0519126437910171,1.0060272551931824,1.0488150115870527
TUN,86T88,1.0394058299585855,1.0169768680826892,1.0488150115870527
TUN,90T93,1.0168245403268203,1.0300060974912473,1.0488150115870527
TUN,94T98,1.0478520841330814,1.0066699593299504,1.0488150115870527
TUR,01T02,1.0328979871650645,1.0556547408215156,1.0541617298223354
TUR,03,1.0083630938124033,1.0282865512106276,1.0541617298223354
TUR,05T06,0.703916672627991,1.0459455894177814,1.0541617298223354
TUR,07T08,0.902846668171111,1.0300149680906343,1.0541617298223354
TUR,10T12,1.0338324936556673,1.0715752405912342,1.0541617298223354
TUR,13T15,1.0062888673184571,1.038089183153189,1.0541617298223354
TUR,16,0.9461637819221468,1.069854112912938,1.0541617298223354
TUR,17T18,0.9976293771428706,1.0451434934690689,1.0541617298223354
TUR,19,0.9470587211012731,1.0614699489882355,1.0541617298223354
TUR,20,0.8080930388764243,1.0553425185371692,1.0541617298223354
TUR,21,0.9797039555126067,1.042814627274766,1.0541617298223354
TUR,22,1.0312608941745498,1.065799515682749,1.0541617298223354
TUR,23,0.7056086294351444,1.1027128196561509,1.0541617298223354
TUR,24,0.9385792552655066,1.078959422551797,1.0541617298223354
TUR,25,1.027567724214666,1.0598699959856552,1.0541617298223354
TUR,26,1.0562460349342062,1.0248001624264744,1.0541617298223354
TUR,27,1.017724860202341,1.0651597609037728,1.0541617298223354
TUR,28,1.027569415040545,1.053684595496784,1.0541617298223354
TUR,29T30,1.0433774229550719,1.0445233240705043,1.0541617298223354
TUR,31T33,1.051601126549384,1.0471293886768254,1.0541617298223354
TUR,35,0.6713595859880904,1.3338832147338302,1.0541617298223354
TUR,36T39,0.9819517140563343,1.051562020112148,1.0541617298223354
TUR,41T43,1.0414755181199855,1.0692009762663899,1.0541617298223354
TUR,45T47,1.0073049321976788,1.0241153829948622,1.0541617298223354
TUR,49,0.9835568678681812,1.0352972593088134,1.0541617298223354
TUR,50,0.9647324552829403,1.027100782002714,1.0541617298223354
TUR,51,0.7342342497913615,1.026225660834074,1.0541617298223354
TUR,52,0.9944348595721396,1.0173938576924002,1.0541617298223354
TUR,53,1.004281867299427,1.0266633376786092,1.0541617298223354
TUR,55T56,1.035297270883257,1.0362923230708674,1.0541617298223354
TUR,58T60,1.0213682095615118,1.0261344229750413,1.0541617298223354
TUR,61,1.0360024108313182,1.0271195003267661,1.0541617298223354
TUR,62T63,1.021005353193273,1.0074930706802814,1.0541617298223354
TUR,64T66,1.0049154381745553,1.0149921658095067,1.0541617298223354
TUR,68,1.039266291063457,1.043575983559558,1.0541617298223354
TUR,69T75,1.012533406274576,1.0204317411012482,1.0541617298223354
TUR,77T82,1.0169154805901959,1.0174493738575416,1.0541617298223354
TUR,84,1.048007682334382,1.027133288425686,1.0541617298223354
TUR,85,1.0510004152111079,1.0141893748612665,1.0541617298223354
TUR,86T88,1.0487981332758494,1.0299300634076216,1.0541617298223354
TUR,90T93,1.037435343709969,1.0245563539933282,1.0541617298223354
TUR,94T98,1.0413367167700742,1.0305330835511932,1.0541617298223354
TWN,01T02,1.1299618278875379,1.03729107876108,1.0584346214683904
TWN,03,0.953933172707266,1.0519007523057484,1.0584346214683904
TWN,05T06,0.7187042207732631,1.046257698675674,1.0584346214683904
TWN,07T08,0.7406136181258958,1.0544458973119877,1.0584346214683904
TWN,10T12,1.0783231184532858,1.052968133672815,1.0584346214683904
TWN,13T15,0.9206479059399351,1.065363662316113,1.0584346214683904
TWN,16,1.069682518504335,1.0638176431158215,1.0584346214683904
TWN,17T18,0.9676508574171103,1.0665094448210095,1.0584346214683904
TWN,19,0.8903509650095314,1.0679443874839816,1.0584346214683904
TWN,20,0.8933644867621784,1.103598551306054,1.0584346214683904
TWN,21,1.0253898286138827,1.0436238401819924,1.0584346214683904
TWN,22,1.0368682923435302,1.0764555698875689,1.0584346214683904
TWN,23,0.9549112369221151,1.0999300299460677,1.0584346214683904
TWN,24,0.7088308021048154,1.128476499154193,1.0584346214683904
TWN,25,0.949778906400756,1.100519423080386,1.0584346214683904
TWN,26,1.0200592500842534,1.0512813659107023,1.0584346214683904
TWN,27,1.026364059193812,1.0686247932693875,1.0584346214683904
TWN,28,0.9900862830988328,1.0795002238848612,1.0584346214683904
TWN,29T30,1.0195107916734176,1.0569375887258174,1.0584346214683904
TWN,31T33,1.0192455212957716,1.056618617774559,1.0584346214683904
TWN,35,0.6212905861605422,1.0770838667622111,1.0584346214683904
TWN,36T39,0.9289718043696429,1.0559599209537465,1.0584346214683904
TWN,41T43,1.0447069401486542,1.0819598239364525,1.0584346214683904
TWN,45T47,1.016569936776676,1.0241739626174022,1.0584346214683904
TWN,49,0.9377902133960849,1.042947285042237,1.0584346214683904
TWN,50,0.8360615038902911,1.0738665802197505,1.0584346214683904
TWN,51,0.8485331308248896,1.056885512520368,1.0584346214683904
TWN,52,0.960379290985588,1.0303193846730938,1.0584346214683904
TWN,53,1.0225001416006023,1.0407310175337694,1.0584346214683904
TWN,55T56,1.0464660369645382,1.0387743358919777,1.0584346214683904
TWN,58T60,1.017217845710554,1.0331375242135485,1.0584346214683904
TWN,61,1.0388655031946645,1.026588218132197,1.0584346214683904
TWN,62T63,1.0201525982601447,1.0213100970798867,1.0584346214683904
TWN,64T66,1.0364080113520602,1.0156697149213847,1.0584346214683904
TWN,68,1.0513700784521256,1.0179708569092658,1.0584346214683904
TWN,69T75,1.0161423249185937,1.0286985895455187,1.0584346214683904
TWN,77T82,1.010219532943515,1.0231578635710519,1.0584346214683904
TWN,84,1.05525448108574,1.0214757156180907,1.0584346214683904
TWN,85,1.0575118823684704,1.0221766436905695,1.0584346214683904
TWN,86T88,1.0522048701736095,1.0315183544248727,1.0584346214683904
TWN,90T93,1.0436889927534159,1.028801014858868,1.0584346214683904
TWN,94T98,1.053545298699892,1.0264579258077922,1.0584346214683904
USA,01T02,0.9348870517371152,1.0713473574534162,1.0405119535080574
USA,03,1.0385166307030025,1.0273530530289958,1.0405119535080574
USA,05T06,0.8910459741303978,1.0428385022573086,1.0405119535080574
USA,07T08,1.0051343224393996,1.0459023514031216,1.0405119535080574
USA,10T12,1.0275514941596036,1.0781901584237406,1.0405119535080574
USA,13T15,1.0049102084405255,1.0459371418841268,1.0405119535080574
USA,16,1.0467714014390022,1.059184401398252,1.0405119535080574
USA,17T18,1.0160479570049448,1.0495885209036513,1.0405119535080574
USA,19,0.9936529861828428,1.0760448403916256,1.0405119535080574
USA,20,0.9936678060312389,1.0541513257941244,1.0405119535080574
USA,21,1.0132829071850102,1.0335274654693665,1.0405119535080574
USA,22,1.0520601981526116,1.0526502688978032,1.0405119535080574
USA,23,0.9961657192299559,1.0532186999982525,1.0405119535080574
USA,24,1.1031825340621941,1.0646922251343653,1.0405119535080574
USA,25,1.0474739154093422,1.0491906926063808,1.0405119535080574
USA,26,1.0476008435720057,1.027510724629965,1.0405119535080574
USA,27,1.0614195299388889,1.0422506453736615,1.0405119535080574
USA,28,1.0349361530691865,1.0415180798155514,1.0405119535080574
USA,29T30,1.0399716141543442,1.041030141899928,1.0405119535080574
USA,31T33,1.084313684351398,1.037473273232689,1.0405119535080574
USA,35,0.7393469844004777,1.0468976151976264,1.0405119535080574
USA,36T39,1.02073525575356,1.0320997163421368,1.0405119535080574
USA,41T43,1.030897347611434,1.040808390889629,1.0405119535080574
USA,45T47,1.0231450089189285,1.0331419262907169,1.0405119535080574
USA,49,0.98608352956658,1.0354902316391321,1.0405119535080574
USA,50,0.9656603800359683,1.0375407252997946,1.0405119535080574
USA,51,0.9386282341891878,1.0334211120195955,1.0405119535080574
USA,52,0.9965236419031555,1.0435191710977234,1.0405119535080574
USA,53,0.9865171257358977,1.035942841076926,1.0405119535080574
USA,55T56,1.0331389363796666,1.0376567741923233,1.0405119535080574
USA,58T60,1.0324356863163506,1.0277122019863354,1.0405119535080574
USA,61,1.0308382517633274,1.0297095981327984,1.0405119535080574
USA,62T63,1.023006090006943,1.0272749233569032,1.0405119535080574
USA,64T66,1.0243541868939317,1.0270725720812934,1.0405119535080574
USA,68,1.0352944717393389,1.0342086136126871,1.0405119535080574
USA,69T75,1.024046023704012,1.0287887086793752,1.0405119535080574
USA,77T82,1.0195505276249937,1.029382902050314,1.0405119535080574
USA,84,1.037346181533337,1.033235503420271,1.0405119535080574
USA,85,1.038548072290689,1.0310581584801133,1.0405119535080574
USA,86T88,1.0390242343825526,1.029716120908547,1.0405119535080574
USA,90T93,1.0346549471328361,1.0309965074775556,1.0405119535080574
USA,94T98,1.0365837048423259,1.0300584181903112,1.0405119535080574
VNM,01T02,0.9332676239250205,1.063262652655231,1.0644738939517677
VNM,03,1.0042312840558132,1.055803320957541,1.0644738939517677
VNM,05T06,0.8231644996293517,1.033276667834474,1.0644738939517677
VNM,07T08,0.41403810461032214,1.0898506041511717,1.0644738939517677
VNM,10T12,0.9972688860600016,1.1055222933336109,1.0644738939517677
VNM,13T15,1.0192491841808933,1.0411383446859976,1.0644738939517677
VNM,16,0.878229350807644,1.1332209488441314,1.0644738939517677
VNM,17T18,0.9293453568062963,1.0703931707334209,1.0644738939517677
VNM,19,0.8194051567301175,1.0766731392552356,1.0644738939517677
VNM,20,0.9259602688454386,1.0862312893945725,1.0644738939517677
VNM,21,1.0271735459116595,1.0375393503659656,1.0644738939517677
VNM,22,1.0129164497405092,1.0826608229799157,1.0644738939517677
VNM,23,0.6206467393927013,1.1459701711725543,1.0644738939517677
VNM,24,0.7779922868025386,1.1397659920663736,1.0644738939517677
VNM,25,0.855713198578069,1.1194122377671138,1.0644738939517677
VNM,26,1.0290622265718734,1.0413623974333408,1.0644738939517677
VNM,27,0.9903813946481046,1.078047261473965,1.0644738939517677
VNM,28,1.023995230361769,1.0500470465896263,1.0644738939517677
VNM,29T30,1.0332678345404238,1.0525309774624854,1.0644738939517677
VNM,31T33,0.9420652803425967,1.0781894274844108,1.0644738939517677
VNM,35,0.44974713152577844,1.0546730590499926,1.0644738939517677
VNM,36T39,0.9971809272917116,1.0406661907205979,1.0644738939517677
VNM,41T43,1.0444174824241306,1.1234714447748426,1.0644738939517677
VNM,45T47,0.9883551755175672,1.0178419218947539,1.0644738939517677
VNM,49,0.8660324173256447,1.0467944988994764,1.0644738939517677
VNM,50,0.6287131212810418,1.0541007708380021,1.0644738939517677
VNM,51,0.8123830318814891,1.0540698879510586,1.0644738939517677
VNM,52,0.9568006676884605,1.0130987185374942,1.0644738939517677
VNM,53,0.975385725694136,1.0261697780385146,1.0644738939517677
VNM,55T56,1.020114479446212,1.0555436280719626,1.0644738939517677
VNM,58T60,1.0159401004577153,1.028346090604251,1.0644738939517677
VNM,61,1.035410851638459,1.0316100105710482,1.0644738939517677
VNM,62T63,1.0694552095714536,0.9912686619626926,1.0644738939517677
VNM,64T66,1.0014985961885903,0.9926375284701997,1.0644738939517677
VNM,68,1.045052219842975,1.0205675818236912,1.0644738939517677
VNM,69T75,1.0001745291335276,1.0100162797446501,1.0644738939517677
VNM,77T82,1.0089402415726245,1.0112385982623813,1.0644738939517677
VNM,84,1.058148328167925,1.0155118334802027,1.0644738939517677
VNM,85,1.059083417465885,0.9993963861006891,1.0644738939517677
VNM,86T88,1.0600007144035182,1.018878306365827,1.0644738939517677
VNM,90T93,1.060170081752993,1.0060212717803654,1.0644738939517677
VNM,94T98,1.0515680280542143,1.0304715419062846,1.0644738939517677
ZAF,01T02,0.8487835686021206,1.0193510102620766,0.973239917001775
ZAF,03,0.9895733480395195,0.9568117744461329,0.973239917001775
ZAF,05T06,0.7444238726855326,0.9969622763010478,0.973239917001775
ZAF,07T08,0.6986599212637564,1.0354606110355173,0.973239917001775
ZAF,10T12,1.0261110558263111,1.0318409251155765,0.973239917001775
ZAF,13T15,1.0799061284677824,1.0032317000120003,0.973239917001775
ZAF,16,1.0134191953244491,1.0189174052807877,0.973239917001775
ZAF,17T18,1.0223946848352052,0.9910396233443299,0.973239917001775
ZAF,19,0.7711059406425763,1.022895856214515,0.973239917001775
ZAF,20,0.8807344544293219,1.0532481161326608,0.973239917001775
ZAF,21,0.9673279037741126,1.0141186445119896,0.973239917001775
ZAF,22,0.77890212966014,1.023527869072219,0.973239917001775
ZAF,23,0.7040765136210649,1.0522021668510888,0.973239917001775
ZAF,24,0.1521414470921646,1.161363452408503,0.973239917001775
ZAF,25,0.8075224714582158,1.1361635450480978,0.973239917001775
ZAF,26,1.0179301023842882,1.0070006837800323,0.973239917001775
ZAF,27,0.8865783858041265,1.074781457267121,0.973239917001775
ZAF,28,0.9673509962442092,1.0417319382707244,0.973239917001775
ZAF,29T30,0.9690435331994242,1.0544468804724214,0.973239917001775
ZAF,31T33,0.5492157340410077,1.0331554666224536,0.973239917001775
ZAF,35,0.36306545345487984,1.0542267873276883,0.973239917001775
ZAF,36T39,0.9379670697018272,0.9550376721247892,0.973239917001775
ZAF,41T43,0.9456534994827042,1.018861567882322,0.973239917001775
ZAF,45T47,0.9487323565149777,0.9476896946364078,0.973239917001775
ZAF,49,0.9222712518394025,0.9658957387678028,0.973239917001775
ZAF,50,0.2786200747601473,0.9623471766076067,0.973239917001775
ZAF,51,0.8952176063140752,0.9867457032798138,0.973239917001775
ZAF,52,0.834673846130763,0.9804108038430811,0.973239917001775
ZAF,53,0.9533286471599953,0.9592154276862962,0.973239917001775
ZAF,55T56,1.012089820178859,0.957622079058328,0.973239917001775
ZAF,58T60,0.9862772852724142,0.9622965063531075,0.973239917001775
ZAF,61,0.9770100277792533,0.96772898282444,0.973239917001775
ZAF,62T63,0.9329797382953797,0.965243475540759,0.973239917001775
ZAF,64T66,0.9611436330882447,0.9282027028474665,0.973239917001775
ZAF,68,0.968204302603641,0.9457910529847403,0.973239917001775
ZAF,69T75,0.9467883246354194,0.9555948566439969,0.973239917001775
ZAF,77T82,0.9326312579438172,0.9628509991995683,0.973239917001775
ZAF,84,0.9732188335108919,0.9408265714529755,0.973239917001775
ZAF,85,0.9691492039051746,0.9285776141925706,0.973239917001775
ZAF,86T88,0.9649402590652542,0.945099576494976,0.973239917001775
ZAF,90T93,0.9157866742415898,0.9563379625825202,0.973239917001775
ZAF,94T98,0.9648305873141532,0.9180009885060525,0.973239917001775
