country,sector,output_hat,price_hat,spending_hat
ARG,01T02,0.9043335783969673,1.0134424330301308,1.0043277624306646
ARG,03,1.0012864689917698,0.9964631746954846,1.0043277624306646
ARG,05T06,0.9549043956695804,1.0012549054411661,1.0043277624306646
ARG,07T08,0.999667982373952,0.9973014995838423,1.0043277624306646
ARG,10T12,0.9965841324373304,1.0276500638093924,1.0043277624306646
ARG,13T15,1.0068363164371235,1.0044261217028811,1.0043277624306646
ARG,16,1.0067005249958378,1.001694684079776,1.0043277624306646
ARG,17T18,1.0075008986116087,0.9989713787575937,1.0043277624306646
ARG,19,0.9847171664336636,1.0164490523184437,1.0043277624306646
ARG,20,1.0020767710371135,1.002645414262429,1.0043277624306646
ARG,21,1.0079503362664683,0.998298542621167,1.0043277624306646
ARG,22,1.0013536774997047,1.002417514017518,1.0043277624306646
ARG,23,0.9779387292835464,1.0016014310251435,1.0043277624306646
ARG,24,0.996816038843142,1.0045087619194568,1.0043277624306646
ARG,25,1.0140823089741902,1.0019429431913525,1.0043277624306646
ARG,26,1.0094264490829121,1.001843194062583,1.0043277624306646
ARG,27,1.0114734165729105,1.002694113076434,1.0043277624306646
ARG,28,1.0088309548047114,1.000432985903053,1.0043277624306646
ARG,29T30,0.9994980404571179,1.0016525535890575,1.0043277624306646
ARG,31T33,1.0128003790009006,0.998723399599968,1.0043277624306646
ARG,35,0.9678580034260498,1.0097407079722158,1.0043277624306646
ARG,36T39,1.002781790656536,0.9979540805266379,1.0043277624306646
ARG,41T43,1.0033305342570844,0.9998031971450705,1.0043277624306646
ARG,45T47,1.0007245509277372,0.9956191544307983,1.0043277624306646
ARG,49,0.998745771099637,0.9980870053846645,1.0043277624306646
ARG,50,1.0085985670766842,0.9984169858818281,1.0043277624306646
ARG,51,1.0073033107149691,1.0026450400387934,1.0043277624306646
ARG,52,1.0001394144805842,0.999675463059242,1.0043277624306646
ARG,53,1.0079509961984225,0.9965059772397978,1.0043277624306646
ARG,55T56,1.00525890605035,1.0029264776865616,1.0043277624306646
ARG,58T60,1.008198746524335,0.9967176802329,1.0043277624306646
ARG,61,1.0064008443916799,0.9964319771119716,1.0043277624306646
ARG,62T63,1.0101726306900438,0.9962685609701128,1.0043277624306646
ARG,64T66,1.0037585308973889,0.9954676681441282,1.0043277624306646
ARG,68,1.005332166239295,0.9944144196563706,1.0043277624306646
ARG,69T75,1.0058888091282783,0.9959138605156187,1.0043277624306646
ARG,77T82,1.0034945649946394,0.9953546989467402,1.0043277624306646
ARG,84,1.0041568336566018,0.9960788557263806,1.0043277624306646
ARG,85,1.00445431108527,0.995414633874672,1.0043277624306646
ARG,86T88,1.004367333925775,0.995644559788424,1.0043277624306646
ARG,90T93,1.006021095989106,0.9969086565058791,1.0043277624306646
ARG,94T98,1.0042059623858295,0.9963071268579184,1.0043277624306646
AUS,01T02,0.9305948955215222,1.01038604560745,1.0025550147696043
AUS,03,0.994677046829452,1.01083641349348,1.0025550147696043
AUS,05T06,0.9648362866262968,1.0008371554705244,1.0025550147696043
AUS,07T08,1.0133787836775003,1.0020431430529737,1.0025550147696043
AUS,10T12,0.9968326971099545,1.0204283367993927,1.0025550147696043
AUS,13T15,0.9879081262788278,1.0128256602270138,1.0025550147696043
AUS,16,1.005308932273551,1.0100793202883753,1.0025550147696043
AUS,17T18,1.0058641627341236,1.0041781887434909,1.0025550147696043
AUS,19,0.9516064737153308,1.006795866974735,1.0025550147696043
AUS,20,0.9771463185557306,1.0075494568333034,1.0025550147696043
AUS,21,1.0057651158363443,1.004454660011346,1.0025550147696043
AUS,22,1.0101632596774064,1.0069523140640604,1.0025550147696043
AUS,23,0.9997676238028361,1.0041507048540548,1.0025550147696043
AUS,24,1.0523623922736105,1.0059972169822122,1.0025550147696043
AUS,25,1.010645125856389,1.006503222049113,1.0025550147696043
AUS,26,1.0099115623054964,1.0016186448121305,1.0025550147696043
AUS,27,1.0159288416323433,1.003610579158078,1.0025550147696043
AUS,28,1.00854389641334,1.0033301495292541,1.0025550147696043
AUS,29T30,1.0105291488547576,1.0043629224088257,1.0025550147696043
AUS,31T33,1.003181539622528,1.0026755930386027,1.0025550147696043
AUS,35,0.9240903691588842,1.0230628985917825,1.0025550147696043
AUS,36T39,0.9974006150563097,1.0008117374973058,1.0025550147696043
AUS,41T43,1.0010207257231734,1.002946670429982,1.0025550147696043
AUS,45T47,1.000412853100827,1.0011329312930666,1.0025550147696043
AUS,49,0.9998291463362667,1.0020721397679309,1.0025550147696043
AUS,50,0.9957954683466546,1.0003169997662107,1.0025550147696043
AUS,51,1.0037371046866097,1.0030593418414748,1.0025550147696043
AUS,52,0.9990511097482798,0.9996961160148641,1.0025550147696043
AUS,53,1.0004162285185254,1.0013722280490085,1.0025550147696043
AUS,55T56,1.0042319395830412,1.0038776068342332,1.0025550147696043
AUS,58T60,1.0060144947008043,1.0001413964332813,1.0025550147696043
AUS,61,1.002584919606493,1.0004251956398003,1.0025550147696043
AUS,62T63,1.0018081996099821,0.9987035971442243,1.0025550147696043
AUS,64T66,0.9981142982948589,0.9980097661178123,1.0025550147696043
AUS,68,1.0022213529331023,0.9981056373426818,1.0025550147696043
AUS,69T75,0.9997625106565802,0.9991458035675074,1.0025550147696043
AUS,77T82,1.0000579547920112,0.9997031603211708,1.0025550147696043
AUS,84,1.0021346760932246,1.0008400625864813,1.0025550147696043
AUS,85,1.003849781310984,0.9988324269886931,1.0025550147696043
AUS,86T88,1.002587278582389,0.9991411386864409,1.0025550147696043
AUS,90T93,1.003277549172053,0.9992526045274852,1.0025550147696043
AUS,94T98,1.0024439645133814,0.9991280280786218,1.0025550147696043
AUT,01T02,1.0074258996640426,1.0116453460564563,1.0096773781574486
AUT,03,1.0060496338149156,1.0089375069872075,1.0096773781574486
AUT,05T06,0.946553867006941,1.0101933617933048,1.0096773781574486
AUT,07T08,1.0034050344481948,1.0100420370052083,1.0096773781574486
AUT,10T12,1.0134576121089547,1.0113608455148577,1.0096773781574486
AUT,13T15,1.00526496497239,1.0081460460537026,1.0096773781574486
AUT,16,1.007449438924916,1.0114583326016808,1.0096773781574486
AUT,17T18,1.0025187911457063,1.0098578123295374,1.0096773781574486
AUT,19,1.0005033561471817,1.0155797751704985,1.0096773781574486
AUT,20,1.0090583657988454,1.011513613046065,1.0096773781574486
AUT,21,1.0031821591020822,1.008170532853472,1.0096773781574486
AUT,22,1.0086639530145185,1.0096786306761178,1.0096773781574486
AUT,23,1.0087105014881872,1.0101465513166754,1.0096773781574486
AUT,24,1.0124463357024247,1.0134593998012993,1.0096773781574486
AUT,25,1.0085064278773401,1.0105557060740493,1.0096773781574486
AUT,26,1.0071812455853209,1.0080471466244079,1.0096773781574486
AUT,27,1.0096514559122165,1.009123854443612,1.0096773781574486
AUT,28,1.0073346974699848,1.00863766994651,1.0096773781574486
AUT,29T30,1.006830659011587,1.0087224083107122,1.0096773781574486
AUT,31T33,1.0024711954659058,1.0096288445854942,1.0096773781574486
AUT,35,1.0090187304673166,1.0150297814980893,1.0096773781574486
AUT,36T39,1.0083209426573871,1.0079779653341283,1.0096773781574486
AUT,41T43,1.0088475228042633,1.0089415238016148,1.0096773781574486
AUT,45T47,1.0051060216477463,1.0072628669712398,1.0096773781574486
AUT,49,1.001383994919957,1.008036532130364,1.0096773781574486
AUT,50,1.001400522791488,1.0083086475232732,1.0096773781574486
AUT,51,1.0024982031476202,1.0079524306873797,1.0096773781574486
AUT,52,1.0031184222070548,1.0073977117521278,1.0096773781574486
AUT,53,1.0035128429605447,1.006819763258119,1.0096773781574486
AUT,55T56,1.0086700205238637,1.008002830564675,1.0096773781574486
AUT,58T60,1.0031774535556273,1.0072856505746333,1.0096773781574486
AUT,61,1.00420955307091,1.007172546067732,1.0096773781574486
AUT,62T63,1.0008019714451433,1.0066429655367934,1.0096773781574486
AUT,64T66,1.0040381812166463,1.0069358814197256,1.0096773781574486
AUT,68,1.0085193951510274,1.0074007118061443,1.0096773781574486
AUT,69T75,1.0037979010380096,1.0071693935850494,1.0096773781574486
AUT,77T82,1.006348056525153,1.007269114464761,1.0096773781574486
AUT,84,1.0093793354829927,1.0074485828561413,1.0096773781574486
AUT,85,1.0092850117207826,1.0074034183461016,1.0096773781574486
AUT,86T88,1.0094971420176064,1.0076329831055584,1.0096773781574486
AUT,90T93,1.0083647671008464,1.007556861160015,1.0096773781574486
AUT,94T98,1.0088234734086308,1.0074721463338565,1.0096773781574486
BEL,01T02,1.0010590495116163,1.0119884530402439,1.0087320195331377
BEL,03,1.0059119282277171,1.0080462563895503,1.0087320195331377
BEL,05T06,0.06601673092434888,1.0775017099885624,1.0087320195331377
BEL,07T08,0.9914497700322619,1.008553786025649,1.0087320195331377
BEL,10T12,1.0095198373857246,1.012876206218286,1.0087320195331377
BEL,13T15,1.0035439172791603,1.0083466518496385,1.0087320195331377
BEL,16,1.0109254307993847,1.0102363128526974,1.0087320195331377
BEL,17T18,1.0053911266603386,1.0089192678699102,1.0087320195331377
BEL,19,1.0020097774608763,1.0132200251830057,1.0087320195331377
BEL,20,0.9992164059429728,1.010205865759987,1.0087320195331377
BEL,21,1.0061529368831157,1.0067982537953837,1.0087320195331377
BEL,22,1.0050673018453145,1.0107164533876272,1.0087320195331377
BEL,23,1.000818322144451,1.0084219832482515,1.0087320195331377
BEL,24,1.0459943401306862,1.0126318552529372,1.0087320195331377
BEL,25,1.0107890463362932,1.0100145803627396,1.0087320195331377
BEL,26,1.0074764180821194,1.0076793183512438,1.0087320195331377
BEL,27,1.008636013004531,1.0096336019884482,1.0087320195331377
BEL,28,1.0075048490210716,1.008595953205966,1.0087320195331377
BEL,29T30,1.0084712151762791,1.0080236950244708,1.0087320195331377
BEL,31T33,1.009462133089666,1.0071175656402096,1.0087320195331377
BEL,35,0.9956246747379496,1.010820508453292,1.0087320195331377
BEL,36T39,1.016512745060373,1.007840577827929,1.0087320195331377
BEL,41T43,1.008141065340346,1.0084427779801686,1.0087320195331377
BEL,45T47,1.0052090187314264,1.0066441938679187,1.0087320195331377
BEL,49,1.0031426968650061,1.007394217555642,1.0087320195331377
BEL,50,1.0010783004998767,1.0071278770403174,1.0087320195331377
BEL,51,1.00067195220946,1.0079860118567228,1.0087320195331377
BEL,52,1.0023449129870388,1.00678784315178,1.0087320195331377
BEL,53,1.0037575384882986,1.0065445233086363,1.0087320195331377
BEL,55T56,1.0072981428808268,1.0082007181855337,1.0087320195331377
BEL,58T60,1.0022941858706844,1.0064128691502876,1.0087320195331377
BEL,61,1.0032924063207427,1.0061348279515583,1.0087320195331377
BEL,62T63,1.0026742508507431,1.0061417006955413,1.0087320195331377
BEL,64T66,1.0029712855226645,1.005422446398072,1.0087320195331377
BEL,68,1.0077716369219125,1.0064410888236959,1.0087320195331377
BEL,69T75,1.0039055250044209,1.0063402090629583,1.0087320195331377
BEL,77T82,1.0052246580705808,1.0067475051322843,1.0087320195331377
BEL,84,1.008601639528093,1.0064895431162881,1.0087320195331377
BEL,85,1.0084633890619292,1.0063725208670578,1.0087320195331377
BEL,86T88,1.0086457980873778,1.0068515563335647,1.0087320195331377
BEL,90T93,1.0073609059346902,1.0067690759113568,1.0087320195331377
BEL,94T98,1.007877099314475,1.0068180156708055,1.0087320195331377
BGR,01T02,0.9378340051377712,1.0106758902407853,1.01130810433992
BGR,03,1.0097404944746804,1.0045856062121983,1.01130810433992
BGR,05T06,0.9664735953352406,1.0173714679957369,1.01130810433992
BGR,07T08,0.9967334915906647,1.0090170133462633,1.01130810433992
BGR,10T12,1.0096880274892932,1.013233006042352,1.01130810433992
BGR,13T15,1.0137015286952074,1.0057245944305526,1.01130810433992
BGR,16,0.9938022089656071,1.0150433917146788,1.01130810433992
BGR,17T18,1.0033172724432995,1.0087129804271573,1.01130810433992
BGR,19,0.9888893326651613,1.0100068505879582,1.01130810433992
BGR,20,0.8849224901461344,1.0149419827390378,1.01130810433992
BGR,21,0.9847467775711548,1.0132908338164497,1.01130810433992
BGR,22,1.0129331218800037,1.0083697454811964,1.01130810433992
BGR,23,0.9327935855132007,1.014505646256063,1.01130810433992
BGR,24,1.055582042817953,1.0157184657605824,1.01130810433992
BGR,25,1.0134551024357654,1.0087500050103806,1.01130810433992
BGR,26,1.0092380551352076,1.0066859083672004,1.01130810433992
BGR,27,1.010373074500913,1.0088947881274473,1.01130810433992
BGR,28,1.0078792554146425,1.0083141819485992,1.01130810433992
BGR,29T30,1.0113991065243193,1.0070074813681493,1.01130810433992
BGR,31T33,1.014621482775953,1.0055575152257399,1.01130810433992
BGR,35,0.8891483959452069,1.0077145156727993,1.01130810433992
BGR,36T39,1.0062408679887396,1.0128306929151423,1.01130810433992
BGR,41T43,1.009172294241142,1.0086784897716141,1.01130810433992
BGR,45T47,1.0030327479158745,1.0041053786799439,1.01130810433992
BGR,49,1.0005737135428567,1.006163593086098,1.01130810433992
BGR,50,0.999611140292961,1.0051550663923718,1.01130810433992
BGR,51,0.9971269888558885,1.0072221820653344,1.01130810433992
BGR,52,1.0000880553449019,1.0059072679359706,1.01130810433992
BGR,53,1.0079417262212944,1.0026992486042423,1.01130810433992
BGR,55T56,1.0077518437274007,1.0060361832170006,1.01130810433992
BGR,58T60,1.0120474735417764,1.0015702218254616,1.01130810433992
BGR,61,1.0083081248213022,1.0042759506337968,1.01130810433992
BGR,62T63,1.0077199978917828,1.0015014583905797,1.01130810433992
BGR,64T66,1.0051730619304435,1.000998845956992,1.01130810433992
BGR,68,1.009608429233015,1.002637203743478,1.01130810433992
BGR,69T75,1.0075772062112742,1.0018667475296168,1.01130810433992
BGR,77T82,1.0071614989203934,1.002941065377842,1.01130810433992
BGR,84,1.0108133620670283,1.002722409740134,1.01130810433992
BGR,85,1.0109970575795508,1.0001725523001588,1.01130810433992
BGR,86T88,1.0103707527665555,1.0033823516275555,1.01130810433992
BGR,90T93,1.0094065627029285,1.0028047513807272,1.01130810433992
BGR,94T98,1.008436509068097,1.0044719836097586,1.01130810433992
BRA,01T02,0.7619511181632697,0.9966999382121682,0.9912434934512426
BRA,03,0.9911637870302337,0.9832516007170552,0.9912434934512426
BRA,05T06,0.9629333884492989,0.9876996100745551,0.9912434934512426
BRA,07T08,1.0186821640235668,0.9867026936935936,0.9912434934512426
BRA,10T12,0.9777129872093068,1.0305862595125164,0.9912434934512426
BRA,13T15,1.006046368168561,0.992711428093351,0.9912434934512426
BRA,16,1.006996284387784,0.9995851483965651,0.9912434934512426
BRA,17T18,1.0106739214536544,0.9950256714434735,0.9912434934512426
BRA,19,0.9715037556065251,1.0043214255842892,0.9912434934512426
BRA,20,0.950679801920955,1.0055478258733024,0.9912434934512426
BRA,21,1.002614765498239,0.9862179670904382,0.9912434934512426
BRA,22,1.001674874988728,0.9959124983081521,0.9912434934512426
BRA,23,0.9399899890129854,0.9921867921375109,0.9912434934512426
BRA,24,0.9944850677090613,0.9955825829179592,0.9912434934512426
BRA,25,1.002368082812318,0.9946952770028369,0.9912434934512426
BRA,26,1.0053488963058888,0.9897840439565891,0.9912434934512426
BRA,27,1.0078876757298778,0.9933339333939823,0.9912434934512426
BRA,28,1.0108787089315152,0.9904537004619142,0.9912434934512426
BRA,29T30,1.0165143484765067,0.9915826417873193,0.9912434934512426
BRA,31T33,1.0031569385451506,0.9895069238448589,0.9912434934512426
BRA,35,0.9712230183095457,0.9891810364753559,0.9912434934512426
BRA,36T39,0.9917499183562802,0.9848963720469894,0.9912434934512426
BRA,41T43,0.9914274086596582,0.9908880342442473,0.9912434934512426
BRA,45T47,0.9937860020834473,0.9843084777370623,0.9912434934512426
BRA,49,0.9887303071435344,0.9884065333392776,0.9912434934512426
BRA,50,1.0221112342559553,0.9870771205468097,0.9912434934512426
BRA,51,1.0128889954552558,0.9915551421161577,0.9912434934512426
BRA,52,1.0015127508617132,0.9841740668646961,0.9912434934512426
BRA,53,0.9939120119994357,0.9835646214442829,0.9912434934512426
BRA,55T56,0.9948695187125545,0.9940858563696182,0.9912434934512426
BRA,58T60,1.0149661520093576,0.9882406518885541,0.9912434934512426
BRA,61,0.9948449749846712,0.9836130955331532,0.9912434934512426
BRA,62T63,1.0084424222420385,0.9828399351068837,0.9912434934512426
BRA,64T66,0.99047730610274,0.9822458169713402,0.9912434934512426
BRA,68,0.9929376735641466,0.9814190699171061,0.9912434934512426
BRA,69T75,1.0026978213830704,0.9831823161123697,0.9912434934512426
BRA,77T82,0.9978288989393538,0.9836676150846518,0.9912434934512426
BRA,84,0.9915412897790901,0.9827131246032914,0.9912434934512426
BRA,85,0.9916373113174102,0.9823101491024924,0.9912434934512426
BRA,86T88,0.9915223588859585,0.9839017218697869,0.9912434934512426
BRA,90T93,0.9983404003210894,0.9840374506730089,0.9912434934512426
BRA,94T98,0.9916977943421439,0.9857454338647723,0.9912434934512426
BRN,01T02,0.9246158537909202,0.9985348029671973,0.9937797227098654
BRN,03,1.0084647004441087,0.9950109136372207,0.9937797227098654
BRN,05T06,0.973627993112583,0.9910236012744672,0.9937797227098654
BRN,07T08,1.035149088888253,0.9864725915277335,0.9937797227098654
BRN,10T12,1.0395918735354963,1.0042619551376217,0.9937797227098654
BRN,13T15,1.0188961981312832,1.0031996566450356,0.9937797227098654
BRN,16,1.0551444322345855,0.9987172375282944,0.9937797227098654
BRN,17T18,1.0112058104126138,0.9998925484361708,0.9937797227098654
BRN,19,0.9857918772591677,0.997442055409346,0.9937797227098654
BRN,20,1.053154422687341,1.0004969170660873,0.9937797227098654
BRN,21,1.0047911140804828,1.0026958953286524,0.9937797227098654
BRN,22,1.0151045944189183,1.0059025650858275,0.9937797227098654
BRN,23,0.9938882390846129,0.9993551430460593,0.9937797227098654
BRN,24,1.2037410293061128,0.9927166533892338,0.9937797227098654
BRN,25,1.0309994537655793,1.0082906008535764,0.9937797227098654
BRN,26,1.0025942688612064,1.0011883315916408,0.9937797227098654
BRN,27,1.0242206770371935,0.9988955269783453,0.9937797227098654
BRN,28,1.0176011839969328,1.0000421620460496,0.9937797227098654
BRN,29T30,1.0106881393780967,0.9973737771152011,0.9937797227098654
BRN,31T33,1.006718634348882,1.005647333297068,0.9937797227098654
BRN,35,0.8041866458499266,0.9971303488861581,0.9937797227098654
BRN,36T39,0.9928406296741341,0.9925582204661482,0.9937797227098654
BRN,41T43,0.9937810529904415,1.001436787503999,0.9937797227098654
BRN,45T47,0.9966215552151934,0.9953821535901369,0.9937797227098654
BRN,49,1.0143949137905754,0.9956727719808103,0.9937797227098654
BRN,50,0.9973499720841381,0.9944970551699907,0.9937797227098654
BRN,51,1.0117932692263123,0.9919765726609994,0.9937797227098654
BRN,52,1.0210023828549708,0.9946025174305047,0.9937797227098654
BRN,53,1.0065633522218151,0.9969358418963827,0.9937797227098654
BRN,55T56,1.0037297892617045,1.0033914278461984,0.9937797227098654
BRN,58T60,1.017189155786049,0.9921310013031457,0.9937797227098654
BRN,61,0.9918274579104404,0.9960853781817027,0.9937797227098654
BRN,62T63,1.0115798991930733,0.9943867594955931,0.9937797227098654
BRN,64T66,0.9985336886237253,0.9895620383863689,0.9937797227098654
BRN,68,1.0014148446033486,0.9881451791246005,0.9937797227098654
BRN,69T75,0.9993425793703972,0.9936074322792059,0.9937797227098654
BRN,77T82,1.0026244291910849,0.9957508288957436,0.9937797227098654
BRN,84,0.9939528364062533,0.9954285638889098,0.9937797227098654
BRN,85,0.9943005864397249,0.9936229219002656,0.9937797227098654
BRN,86T88,0.9936931228000708,0.9968387830719455,0.9937797227098654
BRN,90T93,0.9929726249574835,1.010166474170707,0.9937797227098654
BRN,94T98,1.008582936330635,0.9921207078708637,0.9937797227098654
CAN,01T02,0.909947290523825,1.0146724802851745,1.0042049740629602
CAN,03,0.9974490976523505,1.0056850695126893,1.0042049740629602
CAN,05T06,0.9568787497731883,1.004712608726397,1.0042049740629602
CAN,07T08,1.010763122485243,1.0044903254641147,1.0042049740629602
CAN,10T12,0.9969116488557501,1.0186850195968482,1.0042049740629602
CAN,13T15,1.0189386484340806,1.0040616430693754,1.0042049740629602
CAN,16,0.9844110710162739,1.0217149654114495,1.0042049740629602
CAN,17T18,1.0050998448800144,1.008176087713541,1.0042049740629602
CAN,19,0.9606440323750106,1.0155539017120272,1.0042049740629602
CAN,20,0.9796416159815875,1.0089091442264302,1.0042049740629602
CAN,21,1.0100651920694508,1.0043448704825326,1.0042049740629602
CAN,22,1.0099312625145564,1.0072737857138447,1.0042049740629602
CAN,23,0.9950978994229165,1.0082806746551984,1.0042049740629602
CAN,24,1.0297548841615898,1.0098782383562017,1.0042049740629602
CAN,25,1.0190526358135041,1.006708921448708,1.0042049740629602
CAN,26,1.0106991835152623,1.0033155630447774,1.0042049740629602
CAN,27,1.0135614967280409,1.0067112164591965,1.0042049740629602
CAN,28,1.009089756208395,1.0050044492415435,1.0042049740629602
CAN,29T30,1.0113585867786588,1.005543994325812,1.0042049740629602
CAN,31T33,1.0117926968989315,1.0043254392256442,1.0042049740629602
CAN,35,0.9806759238199356,1.0020719831120137,1.0042049740629602
CAN,36T39,1.0023902125782396,1.0022719115693162,1.0042049740629602
CAN,41T43,1.003489526300757,1.0056382746574946,1.0042049740629602
CAN,45T47,1.0050975823714738,1.0013786833346747,1.0042049740629602
CAN,49,0.9982197118228753,1.0036382924538088,1.0042049740629602
CAN,50,1.0014094744088775,1.004432784893326,1.0042049740629602
CAN,51,1.0051919185071652,1.004884819898207,1.0042049740629602
CAN,52,1.002018819796068,1.0024014965239103,1.0042049740629602
CAN,53,1.006129212966068,1.0024799329310219,1.0042049740629602
CAN,55T56,1.005051173373503,1.0055678808503172,1.0042049740629602
CAN,58T60,1.0078702094648841,1.002092996381617,1.0042049740629602
CAN,61,1.0040467763271317,1.0014698962975532,1.0042049740629602
CAN,62T63,1.0049334330805182,1.0010297179293044,1.0042049740629602
CAN,64T66,1.0028092702454503,1.0010568655873409,1.0042049740629602
CAN,68,1.0043092148615775,1.0007843697159642,1.0042049740629602
CAN,69T75,1.0019579394626918,1.0012863281000033,1.0042049740629602
CAN,77T82,1.00322753527848,1.0017424135166078,1.0042049740629602
CAN,84,1.0041434379181202,1.0017365113240584,1.0042049740629602
CAN,85,1.0048335212780464,1.001190345764897,1.0042049740629602
CAN,86T88,1.0042259242323202,1.0015058711820493,1.0042049740629602
CAN,90T93,1.0050193421839968,1.002342423204054,1.0042049740629602
CAN,94T98,1.0038467289008275,1.0023085255487247,1.0042049740629602
CHE,01T02,1.0262646140885543,1.0110399858931647,1.0093774292695727
CHE,03,1.00286008421099,1.0056737966694749,1.0093774292695727
CHE,05T06,0.9942295836261698,1.009217640286112,1.0093774292695727
CHE,07T08,1.0120164714319808,1.008807209554097,1.0093774292695727
CHE,10T12,1.0126351854165119,1.0115164285456395,1.0093774292695727
CHE,13T15,1.0083563047103832,1.0076893648846421,1.0093774292695727
CHE,16,1.0141519548714026,1.008650513709729,1.0093774292695727
CHE,17T18,1.0072728866987748,1.0081250887229696,1.0093774292695727
CHE,19,1.010753940704347,1.011337838783645,1.0093774292695727
CHE,20,1.0216603188169788,1.0092319609607392,1.0093774292695727
CHE,21,1.0037657964522637,1.0076564617538255,1.0093774292695727
CHE,22,1.0105026063286437,1.0090848086106092,1.0093774292695727
CHE,23,1.0106619818239935,1.0103755374167354,1.0093774292695727
CHE,24,1.0847035308607587,1.011456346148781,1.0093774292695727
CHE,25,1.0148521601774363,1.008851635165986,1.0093774292695727
CHE,26,1.0069357632196527,1.0079418130328912,1.0093774292695727
CHE,27,1.0105604613868553,1.0090434776139594,1.0093774292695727
CHE,28,1.0080376517495253,1.0083589098871593,1.0093774292695727
CHE,29T30,1.0071921209891657,1.0079722274998655,1.0093774292695727
CHE,31T33,1.005649185315176,1.008160812587285,1.0093774292695727
CHE,35,1.0219611551781098,1.0091018205374507,1.0093774292695727
CHE,36T39,1.0106631237673314,1.0082149871790456,1.0093774292695727
CHE,41T43,1.0092416209689608,1.0087903921433934,1.0093774292695727
CHE,45T47,1.0051111073119057,1.007655962936648,1.0093774292695727
CHE,49,1.0052704668985042,1.007961703242697,1.0093774292695727
CHE,50,1.0036156216935719,1.007935223823828,1.0093774292695727
CHE,51,1.0029048482223841,1.0079041052689968,1.0093774292695727
CHE,52,1.0026224985141903,1.0078205495977157,1.0093774292695727
CHE,53,1.0047874872475187,1.007430419855357,1.0093774292695727
CHE,55T56,1.0068648431717588,1.0086441656998022,1.0093774292695727
CHE,58T60,1.000295001842686,1.0071185784850631,1.0093774292695727
CHE,61,1.0056890602705104,1.0072568158895616,1.0093774292695727
CHE,62T63,1.000643228674383,1.0065640262499063,1.0093774292695727
CHE,64T66,1.0026889440422888,1.0070749922002713,1.0093774292695727
CHE,68,1.0084589301792983,1.0072916731105046,1.0093774292695727
CHE,69T75,1.0052248105400998,1.0072530127051584,1.0093774292695727
CHE,77T82,1.006270250296419,1.0073217704982893,1.0093774292695727
CHE,84,1.008473249480119,1.0075292390048975,1.0093774292695727
CHE,85,1.0077803202026516,1.0075153341514687,1.0093774292695727
CHE,86T88,1.0091936565289303,1.0074821720469613,1.0093774292695727
CHE,90T93,1.0065483850276915,1.0074760474794768,1.0093774292695727
CHE,94T98,1.0083197966891295,1.0073988773180904,1.0093774292695727
CHL,01T02,1.0143803806549228,1.0151626471143147,1.015578102723059
CHL,03,1.0113483702240076,1.013177188473802,1.015578102723059
CHL,05T06,0.8687682458609303,1.0126654115514444,1.015578102723059
CHL,07T08,0.9874420341260326,1.0145144261563601,1.015578102723059
CHL,10T12,1.0132175363077505,1.0158851905036737,1.015578102723059
CHL,13T15,0.9978564724436602,1.012671065047454,1.015578102723059
CHL,16,0.9987052395288545,1.0172514607504193,1.015578102723059
CHL,17T18,0.9902620315879429,1.0173954089019202,1.015578102723059
CHL,19,0.9996944055576049,1.020074797431658,1.015578102723059
CHL,20,1.0016125467506198,1.0157261931882728,1.015578102723059
CHL,21,1.0034383019534898,1.012454234556065,1.015578102723059
CHL,22,1.0012215582214763,1.0150204603997939,1.015578102723059
CHL,23,0.994296973129473,1.0192060191794585,1.015578102723059
CHL,24,1.0751662346163045,1.016269018439492,1.015578102723059
CHL,25,1.00834808740202,1.0157923648105778,1.015578102723059
CHL,26,1.0100279440441577,1.0129264253851937,1.015578102723059
CHL,27,1.0039968717314907,1.014563839584142,1.015578102723059
CHL,28,1.00345676352748,1.01447221770106,1.015578102723059
CHL,29T30,1.0018807829935652,1.0130209232283254,1.015578102723059
CHL,31T33,1.0031062649873084,1.0134018150566837,1.015578102723059
CHL,35,0.9691558416984764,1.0292251948039568,1.015578102723059
CHL,36T39,1.0135695896097154,1.013738440141875,1.015578102723059
CHL,41T43,1.0147490273676152,1.0142716911495384,1.015578102723059
CHL,45T47,1.0056391230964017,1.0123005808535988,1.015578102723059
CHL,49,1.005447626666392,1.0133720209964838,1.015578102723059
CHL,50,0.9918676089247586,1.012583759750972,1.015578102723059
CHL,51,0.9992266345672799,1.0125545011224018,1.015578102723059
CHL,52,1.0024665246252626,1.0123810123202788,1.015578102723059
CHL,53,1.00614882694495,1.0116392226917998,1.015578102723059
CHL,55T56,1.0111768021822025,1.013700977795758,1.015578102723059
CHL,58T60,1.0051544626635769,1.0122420909015648,1.015578102723059
CHL,61,1.0124101356942867,1.0124967101845805,1.015578102723059
CHL,62T63,1.0053741522416009,1.0114277274564545,1.015578102723059
CHL,64T66,1.0097124816192695,1.011490212501991,1.015578102723059
CHL,68,1.0127221537143452,1.0118700159993483,1.015578102723059
CHL,69T75,1.0101607977251061,1.0116405313511905,1.015578102723059
CHL,77T82,1.0076669831721583,1.0116413560063895,1.015578102723059
CHL,84,1.0149325672075558,1.0121924203591743,1.015578102723059
CHL,85,1.0152617106545885,1.0121391203040988,1.015578102723059
CHL,86T88,1.0152388365198566,1.0122007496712244,1.015578102723059
CHL,90T93,1.0124101537821075,1.0117888697580721,1.015578102723059
CHL,94T98,1.0123013608677456,1.011889867568633,1.015578102723059
CHN,01T02,0.9989646186125634,1.0103763179444614,1.0121681228739587
CHN,03,1.008326622117403,1.0061960615793628,1.0121681228739587
CHN,05T06,0.9349212488359827,1.0155988029441012,1.0121681228739587
CHN,07T08,0.9636998890811423,1.0194797557107276,1.0121681228739587
CHN,10T12,1.0071670088829445,1.0134380935604141,1.0121681228739587
CHN,13T15,0.999591838572959,1.0107377018451333,1.0121681228739587
CHN,16,1.0008431263514772,1.0142169549849902,1.0121681228739587
CHN,17T18,1.0017324370486083,1.0119804698300277,1.0121681228739587
CHN,19,0.9701804091663051,1.0130943346232082,1.0121681228739587
CHN,20,0.981963796022125,1.0176848520421033,1.0121681228739587
CHN,21,1.0084403380904854,1.0088383703287622,1.0121681228739587
CHN,22,0.9979236373732768,1.0151624972140527,1.0121681228739587
CHN,23,0.9716113694759162,1.0201175482824294,1.0121681228739587
CHN,24,0.9579420623179689,1.0240033743163586,1.0121681228739587
CHN,25,0.995558718666351,1.021275330200251,1.0121681228739587
CHN,26,1.0033925786213396,1.0098370991474221,1.0121681228739587
CHN,27,0.9953125989446716,1.0176795140686061,1.0121681228739587
CHN,28,0.9997734221366456,1.0153949611357775,1.0121681228739587
CHN,29T30,1.0068169955857242,1.011118443750879,1.0121681228739587
CHN,31T33,0.9997941200602645,1.0108549186105786,1.0121681228739587
CHN,35,0.8907972640687967,1.032682008483838,1.0121681228739587
CHN,36T39,0.9902772034823325,1.0126995697314016,1.0121681228739587
CHN,41T43,1.0120253953514973,1.0196892305990668,1.0121681228739587
CHN,45T47,1.0033926500970625,1.0010458087912937,1.0121681228739587
CHN,49,0.9962695306051852,1.0079041575115744,1.0121681228739587
CHN,50,0.9949572518910077,1.0085085818900705,1.0121681228739587
CHN,51,1.0015281125960298,1.0064742152458523,1.0121681228739587
CHN,52,0.9965037059177423,1.0069884976382217,1.0121681228739587
CHN,53,0.9993403558993238,1.0039912387689178,1.0121681228739587
CHN,55T56,1.006149366731089,1.0071957479441147,1.0121681228739587
CHN,58T60,1.0089732472978217,1.0037767820690735,1.0121681228739587
CHN,61,1.0077289827077085,1.0051404429855872,1.0121681228739587
CHN,62T63,1.0099046314292528,1.0001429787848144,1.0121681228739587
CHN,64T66,0.9994690345730137,0.9982316433697502,1.0121681228739587
CHN,68,1.0103301225216912,0.9986317402636566,1.0121681228739587
CHN,69T75,1.003479088417418,1.0041721892722213,1.0121681228739587
CHN,77T82,1.002466999170232,1.003850924098899,1.0121681228739587
CHN,84,1.012016900682474,1.000383718989839,1.0121681228739587
CHN,85,1.0122179719506181,1.0000914469727755,1.0121681228739587
CHN,86T88,1.0118481185490795,1.0012534807460822,1.0121681228739587
CHN,90T93,1.0106435718661166,1.000910994003181,1.0121681228739587
CHN,94T98,1.0097581426621491,1.0019485589312043,1.0121681228739587
COL,01T02,0.8843624638193571,1.0031581666328286,1.0030375741456479
COL,03,1.0030685940247173,1.0093127914809215,1.0030375741456479
COL,05T06,0.9746740900943771,0.9995592627445343,1.0030375741456479
COL,07T08,1.0198347941794728,0.997028898472379,1.0030375741456479
COL,10T12,0.9894190886686224,1.0276013777809538,1.0030375741456479
COL,13T15,1.0163283537698211,0.9994391665460598,1.0030375741456479
COL,16,0.9942817969567145,1.0138148487992684,1.0030375741456479
COL,17T18,1.0064244700117326,0.9998960952981576,1.0030375741456479
COL,19,0.9832908822717895,1.0066679444179951,1.0030375741456479
COL,20,1.0141155953436098,1.0020077510868417,1.0030375741456479
COL,21,1.0147833229929089,0.9980823237173209,1.0030375741456479
COL,22,1.010704774415724,1.0030822381654931,1.0030375741456479
COL,23,0.9878777303678393,1.0010138576744503,1.0030375741456479
COL,24,1.0458986728306368,1.0017865764970548,1.0030375741456479
COL,25,1.0158852464529167,1.001297091747422,1.0030375741456479
COL,26,1.0118937805555963,1.0010946511073924,1.0030375741456479
COL,27,1.0153661383915698,1.0022673303588714,1.0030375741456479
COL,28,1.0115298131080974,1.0018069833507581,1.0030375741456479
COL,29T30,1.0160486379028417,1.0000445830760896,1.0030375741456479
COL,31T33,1.0057529896867152,0.9991664376619732,1.0030375741456479
COL,35,0.9808303757410124,1.002502595426748,1.0030375741456479
COL,36T39,1.0030419542693132,0.9968464079098284,1.0030375741456479
COL,41T43,1.0026926226978317,1.0009749649736408,1.0030375741456479
COL,45T47,1.001790923568114,0.9954373601655799,1.0030375741456479
COL,49,0.9992861269341069,0.9987856975770314,1.0030375741456479
COL,50,1.0083392647682727,0.9982771189780679,1.0030375741456479
COL,51,1.0108145691291097,1.0002016956975734,1.0030375741456479
COL,52,1.0034555491426973,0.9949154877586394,1.0030375741456479
COL,53,1.0058360315029056,0.996269681955341,1.0030375741456479
COL,55T56,1.0034841061954707,1.0050842988244402,1.0030375741456479
COL,58T60,1.0125121510439357,0.99571796614261,1.0030375741456479
COL,61,1.003957901792188,0.9944585498354773,1.0030375741456479
COL,62T63,1.0075231723710605,0.9941784171637246,1.0030375741456479
COL,64T66,1.0047040219139707,0.9945181545130286,1.0030375741456479
COL,68,1.0035145160138381,0.9933232412807452,1.0030375741456479
COL,69T75,1.0041964110518482,0.9943115636899921,1.0030375741456479
COL,77T82,1.0029522072909949,0.9940015845244599,1.0030375741456479
COL,84,1.0031319351588512,0.995409077688403,1.0030375741456479
COL,85,1.0033664137480667,0.9943808657713885,1.0030375741456479
COL,86T88,1.0029651296265403,0.9956354333714508,1.0030375741456479
COL,90T93,1.0044162778317063,0.9949898243097246,1.0030375741456479
COL,94T98,1.003473188447391,0.9950414765085829,1.0030375741456479
CRI,01T02,1.014612891533251,1.0101943861850375,1.0094096117942102
CRI,03,1.0072382603157637,1.0097672694180229,1.0094096117942102
CRI,05T06,1.0122283337283144,1.0087270073569514,1.0094096117942102
CRI,07T08,1.0049639458120316,1.0084377941405194,1.0094096117942102
CRI,10T12,1.010884791077921,1.0137002571893798,1.0094096117942102
CRI,13T15,1.002341535779655,1.0075852056625485,1.0094096117942102
CRI,16,1.0076754928302072,1.0114672935194338,1.0094096117942102
CRI,17T18,1.0026500219053958,1.0080021152939387,1.0094096117942102
CRI,19,1.0085793543511352,1.0100457846188124,1.0094096117942102
CRI,20,1.0290986037937218,1.009978540801351,1.0094096117942102
CRI,21,0.9900154856285843,1.0083256850946667,1.0094096117942102
CRI,22,1.0023465122475799,1.011019794336431,1.0094096117942102
CRI,23,0.9906969439205456,1.0104794385726075,1.0094096117942102
CRI,24,1.0508756675416866,1.0145587912049523,1.0094096117942102
CRI,25,1.0062062938532932,1.0107444179929606,1.0094096117942102
CRI,26,1.006820996051843,1.0076005917494044,1.0094096117942102
CRI,27,1.0088563784210303,1.0096878201246064,1.0094096117942102
CRI,28,1.0048027741470713,1.0096805559747353,1.0094096117942102
CRI,29T30,1.0074291991850086,1.009375210851989,1.0094096117942102
CRI,31T33,1.0055492355818676,1.0082075794862768,1.0094096117942102
CRI,35,1.0111078250224472,1.0076109433297455,1.0094096117942102
CRI,36T39,1.0101212118680267,1.0077353999095835,1.0094096117942102
CRI,41T43,1.008878394110645,1.0111528003936545,1.0094096117942102
CRI,45T47,1.003691092617666,1.007613171594527,1.0094096117942102
CRI,49,1.0036619312708208,1.0080344863749853,1.0094096117942102
CRI,50,1.0005806139554116,1.008083480975126,1.0094096117942102
CRI,51,1.0006684320020296,1.0085436673065382,1.0094096117942102
CRI,52,1.0034757788984325,1.0078527884237212,1.0094096117942102
CRI,53,1.006891951398194,1.007328671267886,1.0094096117942102
CRI,55T56,1.0057931654722987,1.0093565724710052,1.0094096117942102
CRI,58T60,1.0037170098512955,1.0077074982633245,1.0094096117942102
CRI,61,1.0055160683953515,1.007458701531553,1.0094096117942102
CRI,62T63,1.002763516975557,1.0073599305165828,1.0094096117942102
CRI,64T66,1.0062881451295944,1.0072959208634729,1.0094096117942102
CRI,68,1.0084903599400825,1.007784698254075,1.0094096117942102
CRI,69T75,1.0046061349279338,1.0074644620264903,1.0094096117942102
CRI,77T82,1.0056176165838862,1.0074885114028982,1.0094096117942102
CRI,84,1.0092745462048784,1.0075081094040794,1.0094096117942102
CRI,85,1.0090107250175055,1.0077319635711244,1.0094096117942102
CRI,86T88,1.0091239334231987,1.0076912590908647,1.0094096117942102
CRI,90T93,1.0055858998075726,1.0076860082259227,1.0094096117942102
CRI,94T98,1.0082242681886626,1.0078698052468786,1.0094096117942102
CYP,01T02,1.0234965837551664,1.0068652790422863,1.0052923123586994
CYP,03,1.0074292212185818,1.0041892341053287,1.0052923123586994
CYP,05T06,0.9639024160424,1.0102381085265517,1.0052923123586994
CYP,07T08,0.9861313415269896,1.0137091728744865,1.0052923123586994
CYP,10T12,1.0121081882096865,1.0099270396488194,1.0052923123586994
CYP,13T15,1.0157721750921367,1.004699238329178,1.0052923123586994
CYP,16,1.013192106455446,1.0057920061417824,1.0052923123586994
CYP,17T18,1.006473241928434,1.0055178037712533,1.0052923123586994
CYP,19,0.7614052762535096,1.0036556274077233,1.0052923123586994
CYP,20,1.0346003632105927,1.0067422031065392,1.0052923123586994
CYP,21,1.007957427978678,1.0058212646450961,1.0052923123586994
CYP,22,1.003749094459395,1.0100930073713306,1.0052923123586994
CYP,23,0.8919363298965977,1.0237884017030232,1.0052923123586994
CYP,24,1.058235405143458,1.0113056650807764,1.0052923123586994
CYP,25,1.0055666610223746,1.0101174479996209,1.0052923123586994
CYP,26,1.0002821347113702,1.0120363281272784,1.0052923123586994
CYP,27,1.0156483427918899,1.0060662078356537,1.0052923123586994
CYP,28,1.0114723031059634,1.0059564403769479,1.0052923123586994
CYP,29T30,1.01036694744973,1.0060752763538656,1.0052923123586994
CYP,31T33,1.0020443039891878,1.0056931130821274,1.0052923123586994
CYP,35,0.9264951782272511,1.0071391108768135,1.0052923123586994
CYP,36T39,1.0038071608140098,1.010058448195962,1.0052923123586994
CYP,41T43,1.0031587424821236,1.0089899008426408,1.0052923123586994
CYP,45T47,1.002552470917575,1.004382180814134,1.0052923123586994
CYP,49,1.0015676121016768,1.0041149336757758,1.0052923123586994
CYP,50,1.0034873861836755,1.0024144387186917,1.0052923123586994
CYP,51,0.9944526483023336,1.0054125372275493,1.0052923123586994
CYP,52,1.0008009242726719,1.0032052330564047,1.0052923123586994
CYP,53,1.003688900087575,1.0038594789672797,1.0052923123586994
CYP,55T56,1.0033041457192549,1.0062880898871478,1.0052923123586994
CYP,58T60,1.0015846605768663,1.0033770922766785,1.0052923123586994
CYP,61,1.0017065620387506,1.0038211435777051,1.0052923123586994
CYP,62T63,0.9955513453748643,1.0024686979500452,1.0052923123586994
CYP,64T66,0.9983795323657868,1.0021161250769852,1.0052923123586994
CYP,68,1.0039957346728916,1.0022153257080133,1.0052923123586994
CYP,69T75,0.998951267984664,1.0022601122996393,1.0052923123586994
CYP,77T82,1.0011107700634534,1.0026116408583403,1.0052923123586994
CYP,84,1.0051013222117298,1.00325030810601,1.0052923123586994
CYP,85,1.0049271610695092,1.0022301900791168,1.0052923123586994
CYP,86T88,1.0047456761188387,1.0038549023386294,1.0052923123586994
CYP,90T93,1.004053207624775,1.0038942716402983,1.0052923123586994
CYP,94T98,1.0042219247750428,1.0031813800458493,1.0052923123586994
CZE,01T02,1.0055401208101016,1.0100473119323745,1.0115347984999086
CZE,03,0.9930795244207911,1.0146398224232025,1.0115347984999086
CZE,05T06,0.9292325878340552,1.0091455283574882,1.0115347984999086
CZE,07T08,0.9917972740428344,1.0101728284961926,1.0115347984999086
CZE,10T12,1.009395766022915,1.0133394838785101,1.0115347984999086
CZE,13T15,0.9979481957171199,1.0098625961584353,1.0115347984999086
CZE,16,1.0026027360172816,1.0125980543871396,1.0115347984999086
CZE,17T18,1.0017754430997214,1.0100846637033614,1.0115347984999086
CZE,19,0.9703104999552392,1.018585595817552,1.0115347984999086
CZE,20,0.9905886566530856,1.0111071443246449,1.0115347984999086
CZE,21,1.0062417052298678,1.0075087787325043,1.0115347984999086
CZE,22,1.0070530272672176,1.009934685837226,1.0115347984999086
CZE,23,0.9792767929531887,1.0147714042982046,1.0115347984999086
CZE,24,0.9888161841849761,1.0149205918540383,1.0115347984999086
CZE,25,1.0070185285381625,1.010365178630016,1.0115347984999086
CZE,26,1.0049898706157232,1.0097275763799822,1.0115347984999086
CZE,27,1.0060261621444362,1.0104363761596975,1.0115347984999086
CZE,28,1.0032814217109418,1.0106813581911207,1.0115347984999086
CZE,29T30,1.007036527774878,1.008588596821283,1.0115347984999086
CZE,31T33,1.0042524391557883,1.0081373558879179,1.0115347984999086
CZE,35,0.9317198639877197,1.0192111788534595,1.0115347984999086
CZE,36T39,1.0015539435429937,1.0085320373338666,1.0115347984999086
CZE,41T43,1.0088353756002575,1.0081699853343717,1.0115347984999086
CZE,45T47,1.004102915250894,1.0061849979488195,1.0115347984999086
CZE,49,1.0008422713561094,1.0072662897346911,1.0115347984999086
CZE,50,1.0011888752563016,1.0079843034508496,1.0115347984999086
CZE,51,0.9999083836741055,1.0078854767773344,1.0115347984999086
CZE,52,1.0012017708127012,1.0067197037189342,1.0115347984999086
CZE,53,1.0044004535167006,1.0052004269434556,1.0115347984999086
CZE,55T56,1.0082777206887983,1.007733759382139,1.0115347984999086
CZE,58T60,1.0064740699341685,1.0054351577481488,1.0115347984999086
CZE,61,1.0064933468575696,1.0054000270625092,1.0115347984999086
CZE,62T63,1.0062640903537852,1.0043158506015109,1.0115347984999086
CZE,64T66,1.0052180353166567,1.0047008521372616,1.0115347984999086
CZE,68,1.0091959249668905,1.0074194921353121,1.0115347984999086
CZE,69T75,1.0049107559894583,1.0058316618378684,1.0115347984999086
CZE,77T82,1.0054021635528547,1.0062021477664143,1.0115347984999086
CZE,84,1.0106359957417022,1.0059091438467769,1.0115347984999086
CZE,85,1.0107831152920352,1.005693253515163,1.0115347984999086
CZE,86T88,1.011245280719162,1.0063118269191733,1.0115347984999086
CZE,90T93,1.009782834476927,1.0066970125216632,1.0115347984999086
CZE,94T98,1.0092441634978022,1.006024860633327,1.0115347984999086
DEU,01T02,0.9950251164570231,1.0104079401393509,1.0100915059038187
DEU,03,1.005129916596627,1.0075126771764673,1.0100915059038187
DEU,05T06,0.959773260423662,1.010363557406389,1.0100915059038187
DEU,07T08,0.9989715324890265,1.0076006094281773,1.0100915059038187
DEU,10T12,1.009805898987802,1.0132040843098078,1.0100915059038187
DEU,13T15,1.0027915327805876,1.0087630740088385,1.0100915059038187
DEU,16,1.0053245079232382,1.0126584281205204,1.0100915059038187
DEU,17T18,1.0057185837990656,1.0092165214896271,1.0100915059038187
DEU,19,0.9940792609825227,1.0121767356129632,1.0100915059038187
DEU,20,1.0092451910225382,1.0101936493512629,1.0100915059038187
DEU,21,1.0037772536404652,1.0079019655044572,1.0100915059038187
DEU,22,1.00832592253596,1.0097891509918586,1.0100915059038187
DEU,23,1.0060703681913763,1.0105445766030035,1.0100915059038187
DEU,24,0.9996569788163185,1.0150958201177733,1.0100915059038187
DEU,25,1.0111318360698474,1.0099561798615209,1.0100915059038187
DEU,26,1.0072959008479332,1.0078930057271354,1.0100915059038187
DEU,27,1.0108159039636753,1.0087238756176573,1.0100915059038187
DEU,28,1.0077164281827937,1.0085865036911228,1.0100915059038187
DEU,29T30,1.0078317796675738,1.008470306177967,1.0100915059038187
DEU,31T33,1.0054988191751666,1.0085050076451703,1.0100915059038187
DEU,35,0.9754171404230896,1.0135230053533282,1.0100915059038187
DEU,36T39,1.0074924485033052,1.0078722494962324,1.0100915059038187
DEU,41T43,1.0087586095683703,1.0088899502311495,1.0100915059038187
DEU,45T47,1.0044476935721471,1.0074691004838476,1.0100915059038187
DEU,49,1.0028230841536938,1.0081486297020912,1.0100915059038187
DEU,50,0.997090344869502,1.0076263794363833,1.0100915059038187
DEU,51,0.9974091145425361,1.0083821792220249,1.0100915059038187
DEU,52,1.0031791436384336,1.0075725311736836,1.0100915059038187
DEU,53,1.005154099168416,1.0074951411485285,1.0100915059038187
DEU,55T56,1.0075218805801769,1.008704075906384,1.0100915059038187
DEU,58T60,1.0049151867116746,1.0070107737627936,1.0100915059038187
DEU,61,1.0067882105798132,1.0073058131268784,1.0100915059038187
DEU,62T63,1.0035536516942984,1.006396381756334,1.0100915059038187
DEU,64T66,1.0059654228243866,1.006744068991013,1.0100915059038187
DEU,68,1.0085236644202857,1.0068653878995029,1.0100915059038187
DEU,69T75,1.005148372442381,1.0069096846523877,1.0100915059038187
DEU,77T82,1.0060284365691399,1.0071603958135489,1.0100915059038187
DEU,84,1.0086077655973522,1.0072306509244984,1.0100915059038187
DEU,85,1.009683245545891,1.0067391179444833,1.0100915059038187
DEU,86T88,1.0100074280381153,1.0072886976333237,1.0100915059038187
DEU,90T93,1.0087857886741718,1.0071745106876722,1.0100915059038187
DEU,94T98,1.0092819008097604,1.0071869347099858,1.0100915059038187
DNK,01T02,0.9903805361260597,1.0112388787962918,1.0080417560599526
DNK,03,1.0054137388764384,1.00757360704429,1.0080417560599526
DNK,05T06,0.9872392819654702,1.0073982580105592,1.0080417560599526
DNK,07T08,0.9980871940176761,1.0092114057554438,1.0080417560599526
DNK,10T12,1.0116097497379546,1.0115888649679663,1.0080417560599526
DNK,13T15,1.006808920396222,1.0074560303225721,1.0080417560599526
DNK,16,1.0155397303959512,1.0098714604959977,1.0080417560599526
DNK,17T18,1.0115257320156015,1.0073403915499377,1.0080417560599526
DNK,19,0.9991390615562312,1.0122187843461075,1.0080417560599526
DNK,20,1.0259100277179036,1.0080013532456682,1.0080417560599526
DNK,21,1.0058266551257884,1.006424928273303,1.0080417560599526
DNK,22,1.01145104015683,1.0083327379340947,1.0080417560599526
DNK,23,0.999081828278276,1.00937916328189,1.0080417560599526
DNK,24,1.062520131631662,1.0115562527964417,1.0080417560599526
DNK,25,1.0124093646745482,1.008938827259521,1.0080417560599526
DNK,26,1.0073839736544878,1.0069732045565944,1.0080417560599526
DNK,27,1.0128762489943524,1.0074799374089585,1.0080417560599526
DNK,28,1.0080735653838717,1.0077134320051386,1.0080417560599526
DNK,29T30,1.0077748965197033,1.0080978919714652,1.0080417560599526
DNK,31T33,1.0071486185625023,1.0074277725902312,1.0080417560599526
DNK,35,0.983841621275377,1.008812016609711,1.0080417560599526
DNK,36T39,1.007092844675541,1.0066107188238638,1.0080417560599526
DNK,41T43,1.0072270070763991,1.008006783383646,1.0080417560599526
DNK,45T47,1.004951058752234,1.0062296554612011,1.0080417560599526
DNK,49,1.004535477313065,1.0066889865848214,1.0080417560599526
DNK,50,0.9998885401824807,1.0063384936717905,1.0080417560599526
DNK,51,1.0010354044947931,1.0069870104490983,1.0080417560599526
DNK,52,1.0013327997538004,1.0062470310251461,1.0080417560599526
DNK,53,1.0046045910024903,1.0062654726656879,1.0080417560599526
DNK,55T56,1.0067971096977653,1.007909532222653,1.0080417560599526
DNK,58T60,1.004317106673936,1.0061675984357061,1.0080417560599526
DNK,61,1.0048500080091713,1.006202471472228,1.0080417560599526
DNK,62T63,1.0035887812858784,1.0060657823763763,1.0080417560599526
DNK,64T66,1.0050630038965633,1.0060346872429309,1.0080417560599526
DNK,68,1.0072947564827013,1.0062835952784348,1.0080417560599526
DNK,69T75,1.0047556223660252,1.006149762208796,1.0080417560599526
DNK,77T82,1.0051360958144153,1.0063862875145209,1.0080417560599526
DNK,84,1.0078053725093774,1.0062893880540857,1.0080417560599526
DNK,85,1.0078653070609678,1.006281255003674,1.0080417560599526
DNK,86T88,1.0079721799690475,1.0063786680067306,1.0080417560599526
DNK,90T93,1.0073921117611522,1.0064997185630176,1.0080417560599526
DNK,94T98,1.0071137357838305,1.0063301987097995,1.0080417560599526
ESP,01T02,1.0210123757980318,1.0099203291366257,1.0104127647431589
ESP,03,1.006810693208441,1.008849098154574,1.0104127647431589
ESP,05T06,0.8420143918858592,1.0081850005281576,1.0104127647431589
ESP,07T08,0.9925510742483024,1.0106973005189568,1.0104127647431589
ESP,10T12,1.009622998716287,1.0143715434437364,1.0104127647431589
ESP,13T15,1.0032591733019611,1.008781423161393,1.0104127647431589
ESP,16,1.009815419076973,1.0101161725753982,1.0104127647431589
ESP,17T18,1.0049066246472058,1.0098312694613307,1.0104127647431589
ESP,19,0.9935084187282788,1.0154041837742753,1.0104127647431589
ESP,20,1.0036624892965003,1.0119587304006976,1.0104127647431589
ESP,21,0.9995475945162284,1.0095061455983545,1.0104127647431589
ESP,22,1.0059954830372557,1.0104203409777603,1.0104127647431589
ESP,23,0.9903177718438251,1.0125355071202562,1.0104127647431589
ESP,24,1.0289751081576985,1.0124541990422613,1.0104127647431589
ESP,25,1.006950251982225,1.0117927679415957,1.0104127647431589
ESP,26,1.006663925185612,1.0085861371474178,1.0104127647431589
ESP,27,1.0073246127055844,1.0105840150915772,1.0104127647431589
ESP,28,1.0050002754686749,1.0100110080799267,1.0104127647431589
ESP,29T30,1.005114954200772,1.0097074213778994,1.0104127647431589
ESP,31T33,1.006238763623839,1.0087236954683045,1.0104127647431589
ESP,35,0.9878409209792012,1.0124094955425902,1.0104127647431589
ESP,36T39,1.0108230486696375,1.0089188840859133,1.0104127647431589
ESP,41T43,1.009400389328254,1.0095202708156512,1.0104127647431589
ESP,45T47,1.0052301926906757,1.0080687053749604,1.0104127647431589
ESP,49,1.0014169526385461,1.0094960131802957,1.0104127647431589
ESP,50,1.0009402815043642,1.0088990374652365,1.0104127647431589
ESP,51,0.9984417031918135,1.0100140651743665,1.0104127647431589
ESP,52,1.0029490032222597,1.008822028075167,1.0104127647431589
ESP,53,1.005153354365338,1.0079325114622617,1.0104127647431589
ESP,55T56,1.0079442524955846,1.0090382307491794,1.0104127647431589
ESP,58T60,1.0031062915166264,1.0076763630802184,1.0104127647431589
ESP,61,1.0055898336734899,1.008558553250916,1.0104127647431589
ESP,62T63,1.0015315012538701,1.0076872975849656,1.0104127647431589
ESP,64T66,1.0064565901709672,1.0071879208078767,1.0104127647431589
ESP,68,1.0091027041701974,1.0072245244149867,1.0104127647431589
ESP,69T75,1.0049745631185965,1.0077925151359803,1.0104127647431589
ESP,77T82,1.0049959143839349,1.007738492707214,1.0104127647431589
ESP,84,1.009326794719265,1.0078474664842407,1.0104127647431589
ESP,85,1.0096827938436606,1.0074533013669074,1.0104127647431589
ESP,86T88,1.0100128362442313,1.0077945584112231,1.0104127647431589
ESP,90T93,1.0086938561291703,1.007876722080997,1.0104127647431589
ESP,94T98,1.0090861114413612,1.0074665683941948,1.0104127647431589
EST,01T02,0.9382443494097108,1.0129035080388182,1.0062672389366718
EST,03,1.0074285147999016,1.0024766613910618,1.0062672389366718
EST,05T06,0.7938629949341105,1.005926972606574,1.0062672389366718
EST,07T08,0.9978833259421811,1.0066735972842058,1.0062672389366718
EST,10T12,1.002455999975306,1.0149078305055423,1.0062672389366718
EST,13T15,1.015015202559915,1.0049938540858803,1.0062672389366718
EST,16,0.9852845147780899,1.0170038879388184,1.0062672389366718
EST,17T18,0.9938965260677199,1.0135660131161737,1.0062672389366718
EST,19,0.6307310281339569,1.0212526144477256,1.0062672389366718
EST,20,1.013605334125409,1.011598807478095,1.0062672389366718
EST,21,1.011920445339755,1.0029759888224585,1.0062672389366718
EST,22,1.00948556409773,1.0076846152682999,1.0062672389366718
EST,23,0.9953250062895357,1.0087859668953056,1.0062672389366718
EST,24,1.0463681023511802,1.0170614978976484,1.0062672389366718
EST,25,1.007518142328401,1.0086685492417575,1.0062672389366718
EST,26,1.0066672557351877,1.0054195391304277,1.0062672389366718
EST,27,1.0152253595440712,1.0057413165923934,1.0062672389366718
EST,28,1.0072014980963193,1.0064104486474554,1.0062672389366718
EST,29T30,1.0134190049694365,1.0047598232372161,1.0062672389366718
EST,31T33,1.0011719859535815,1.0059004952161057,1.0062672389366718
EST,35,0.8764159010814254,1.018130808600155,1.0062672389366718
EST,36T39,1.0062097406185482,1.0082152841741845,1.0062672389366718
EST,41T43,1.0048712306755168,1.0041607860016815,1.0062672389366718
EST,45T47,1.003344829997024,1.0008639341794128,1.0062672389366718
EST,49,1.0037466116449467,1.001425254557738,1.0062672389366718
EST,50,1.0017212530560122,1.0027091911724098,1.0062672389366718
EST,51,1.0015982755832495,1.0042236783284644,1.0062672389366718
EST,52,0.999354283707557,1.0036518138097914,1.0062672389366718
EST,53,1.0101870465729472,1.000022164421874,1.0062672389366718
EST,55T56,1.0082109011548244,1.0052137729242567,1.0062672389366718
EST,58T60,1.0121641233659853,1.000680349846927,1.0062672389366718
EST,61,1.0102053981681045,0.9996396547499006,1.0062672389366718
EST,62T63,1.0112492734739191,0.9982248617763972,1.0062672389366718
EST,64T66,1.0064275248612216,0.9978100282379154,1.0062672389366718
EST,68,1.0051793616802467,0.9997420991634477,1.0062672389366718
EST,69T75,1.006279735120627,0.9996741100907807,1.0062672389366718
EST,77T82,1.004057464824506,0.9995823273527005,1.0062672389366718
EST,84,1.006116132214541,0.9993373411909184,1.0062672389366718
EST,85,1.00625164334414,1.0005280268426364,1.0062672389366718
EST,86T88,1.0064214034875216,1.0000377805045446,1.0062672389366718
EST,90T93,1.006331584279706,1.002428960223263,1.0062672389366718
EST,94T98,1.0047535987305973,1.0034356695690931,1.0062672389366718
FIN,01T02,0.9851814037492925,1.009653211624501,1.0083017228222568
FIN,03,1.0056432090459868,1.0060533188329084,1.0083017228222568
FIN,05T06,0.7680401538267245,1.010467782915699,1.0083017228222568
FIN,07T08,0.9972173067187219,1.0102010791176765,1.0083017228222568
FIN,10T12,1.0072963579229577,1.0126913735934617,1.0083017228222568
FIN,13T15,1.007016324194492,1.0071408235856212,1.0083017228222568
FIN,16,0.9951631060104189,1.0168121689464091,1.0083017228222568
FIN,17T18,0.9939834741414418,1.0124913631530303,1.0083017228222568
FIN,19,0.9988024188611101,1.00917870807052,1.0083017228222568
FIN,20,1.0011944641431538,1.0109225893391085,1.0083017228222568
FIN,21,1.0090608624158104,1.005302672255082,1.0083017228222568
FIN,22,1.0069518641775206,1.0096938025872877,1.0083017228222568
FIN,23,1.0085568231975226,1.0098910964026613,1.0083017228222568
FIN,24,1.0261890449187545,1.0132254229608997,1.0083017228222568
FIN,25,1.0100606791441924,1.0098715015325366,1.0083017228222568
FIN,26,1.007291723342896,1.0057585501153368,1.0083017228222568
FIN,27,1.0105822058393028,1.0080032881884933,1.0083017228222568
FIN,28,1.0072255068461737,1.0070794555608427,1.0083017228222568
FIN,29T30,1.0076099650858223,1.008047819416012,1.0083017228222568
FIN,31T33,1.0037192283513299,1.0066910970262244,1.0083017228222568
FIN,35,0.9802049139775707,1.0146651032190972,1.0083017228222568
FIN,36T39,1.010034321281038,1.0068248086147975,1.0083017228222568
FIN,41T43,1.0073033753106617,1.0080381553029762,1.0083017228222568
FIN,45T47,1.0031633405459242,1.0057993336487168,1.0083017228222568
FIN,49,1.0026119699234142,1.0062946122826701,1.0083017228222568
FIN,50,0.9985473274134261,1.0064840063731777,1.0083017228222568
FIN,51,0.999388496615348,1.0067406454690682,1.0083017228222568
FIN,52,1.0024539162058619,1.0065699398366676,1.0083017228222568
FIN,53,1.0036124252203253,1.005501722365152,1.0083017228222568
FIN,55T56,1.005706064173889,1.0073913069575278,1.0083017228222568
FIN,58T60,1.002719840572521,1.0055651765886529,1.0083017228222568
FIN,61,1.005199795879917,1.0053827480910782,1.0083017228222568
FIN,62T63,1.0009276105662488,1.0050842460341571,1.0083017228222568
FIN,64T66,1.0043500580482476,1.0052248573944964,1.0083017228222568
FIN,68,1.0073164423415724,1.0056180806018298,1.0083017228222568
FIN,69T75,1.0031745354511463,1.005356628485029,1.0083017228222568
FIN,77T82,1.0044056434336461,1.0055480201813969,1.0083017228222568
FIN,84,1.007190660717254,1.0059063457206177,1.0083017228222568
FIN,85,1.0080365685353272,1.0053161655404945,1.0083017228222568
FIN,86T88,1.0081823510545243,1.0054460451497804,1.0083017228222568
FIN,90T93,1.0071594649631432,1.0068095005705897,1.0083017228222568
FIN,94T98,1.0071009866221288,1.0069959528375345,1.0083017228222568
FRA,01T02,1.0014152009891555,1.0110577229245972,1.00792456615642
FRA,03,1.0050363010049137,1.0082158548228048,1.00792456615642
FRA,05T06,0.6636630065416219,1.0067463580575742,1.00792456615642
FRA,07T08,0.9996787244739743,1.0092569402537674,1.00792456615642
FRA,10T12,1.0104345455230115,1.0118419225224782,1.00792456615642
FRA,13T15,1.0074624680629216,1.0075490655399562,1.00792456615642
FRA,16,1.00714393998127,1.0113503446370913,1.00792456615642
FRA,17T18,1.0079150496166671,1.0078525955874913,1.00792456615642
FRA,19,1.004832613227813,1.0120653769665742,1.00792456615642
FRA,20,1.0116415134694046,1.0090752367243714,1.00792456615642
FRA,21,1.0044679138830739,1.0074300878974027,1.00792456615642
FRA,22,1.0102332759998307,1.0088823803809348,1.00792456615642
FRA,23,1.003900658195547,1.0098476993573728,1.00792456615642
FRA,24,0.9851372696237813,1.0113027648981845,1.00792456615642
FRA,25,1.0102658965295577,1.0096076286804618,1.00792456615642
FRA,26,1.0068619952234965,1.0076817681897399,1.00792456615642
FRA,27,1.0103335028592342,1.008865731134124,1.00792456615642
FRA,28,1.00690960475985,1.0085816506523047,1.00792456615642
FRA,29T30,1.008254562191464,1.0081120463762088,1.00792456615642
FRA,31T33,1.0058130687145386,1.0080966518436807,1.00792456615642
FRA,35,1.0032491728862878,1.0104864573795702,1.00792456615642
FRA,36T39,1.0058303536477642,1.0076224839758487,1.00792456615642
FRA,41T43,1.0077731565634773,1.0085022749557564,1.00792456615642
FRA,45T47,1.0050818006059237,1.0067332145522594,1.00792456615642
FRA,49,1.0050149252415252,1.0070401842001837,1.00792456615642
FRA,50,0.9972303670133561,1.0070990307663603,1.00792456615642
FRA,51,1.0022949720968435,1.0075263901581277,1.00792456615642
FRA,52,1.0042335874666193,1.0066522479525284,1.00792456615642
FRA,53,1.004289112888272,1.0065323634871886,1.00792456615642
FRA,55T56,1.0070383390924782,1.0078801989551374,1.00792456615642
FRA,58T60,1.0043050246315255,1.0070709116495051,1.00792456615642
FRA,61,1.0049283125092503,1.0067799216216153,1.00792456615642
FRA,62T63,1.0053148402403858,1.006450208853765,1.00792456615642
FRA,64T66,1.0051543186999634,1.0063108105865837,1.00792456615642
FRA,68,1.0072141935148795,1.0064071678379871,1.00792456615642
FRA,69T75,1.0053993646902668,1.0065914947644992,1.00792456615642
FRA,77T82,1.0049487270307218,1.006603795569093,1.00792456615642
FRA,84,1.0076691754051117,1.0066698741061364,1.00792456615642
FRA,85,1.0075138806865473,1.006632371762902,1.00792456615642
FRA,86T88,1.0078274338260869,1.0066273546268567,1.00792456615642
FRA,90T93,1.0073022359077195,1.0070171041539397,1.00792456615642
FRA,94T98,1.0072312883063912,1.006750736372312,1.00792456615642
GBR,01T02,0.9939259939899132,1.0113586693647336,1.0067592935049552
GBR,03,1.005038728309722,1.0071234789872567,1.0067592935049552
GBR,05T06,0.9795469520998229,1.007069984950579,1.0067592935049552
GBR,07T08,1.0005758669672102,1.008689238254942,1.0067592935049552
GBR,10T12,1.010479686121459,1.011344611886558,1.0067592935049552
GBR,13T15,1.010055410538433,1.0062387371624693,1.0067592935049552
GBR,16,1.0119614168013202,1.0102956997595045,1.0067592935049552
GBR,17T18,1.0075400268460468,1.0074127492089775,1.0067592935049552
GBR,19,0.9927808785716863,1.011843422095946,1.0067592935049552
GBR,20,1.007219888587401,1.008857131684397,1.0067592935049552
GBR,21,1.0066270558795263,1.006372877794286,1.0067592935049552
GBR,22,1.0107881137266115,1.008314793613086,1.0067592935049552
GBR,23,1.0069451668863627,1.008351798566203,1.0067592935049552
GBR,24,1.004008714425877,1.0106738525634935,1.0067592935049552
GBR,25,1.0127956962560036,1.0080051962418328,1.0067592935049552
GBR,26,1.0071683111318104,1.0064246693079177,1.0067592935049552
GBR,27,1.0120129015863262,1.0076258666670983,1.0067592935049552
GBR,28,1.0074573964297115,1.0074830353309145,1.0067592935049552
GBR,29T30,1.0083455398508625,1.0078154981106344,1.0067592935049552
GBR,31T33,1.0068168645214766,1.0069300802076997,1.0067592935049552
GBR,35,0.9923833627522625,1.0146319725653965,1.0067592935049552
GBR,36T39,1.006058269934007,1.0061865374103645,1.0067592935049552
GBR,41T43,1.0063270463146516,1.0068745407416848,1.0067592935049552
GBR,45T47,1.0053316075965963,1.0060478573201739,1.0067592935049552
GBR,49,1.0053736934446196,1.006377197121981,1.0067592935049552
GBR,50,1.0017258034190373,1.0058633778223398,1.0067592935049552
GBR,51,1.001648898635218,1.0071774019582078,1.0067592935049552
GBR,52,1.004964154690922,1.0061122462746679,1.0067592935049552
GBR,53,1.0045128651569433,1.0056549392310643,1.0067592935049552
GBR,55T56,1.0068301784906595,1.0066997803780446,1.0067592935049552
GBR,58T60,1.0048598372038091,1.0056977549164967,1.0067592935049552
GBR,61,1.0044136745608243,1.005594571946354,1.0067592935049552
GBR,62T63,1.004096495665413,1.0055260345444086,1.0067592935049552
GBR,64T66,1.0031039864225402,1.0055385772267391,1.0067592935049552
GBR,68,1.0064570005027198,1.0054672006706888,1.0067592935049552
GBR,69T75,1.003859673828706,1.0056398072923212,1.0067592935049552
GBR,77T82,1.00444745291504,1.0057024992669954,1.0067592935049552
GBR,84,1.0066247927263892,1.0058483646223606,1.0067592935049552
GBR,85,1.006278866391022,1.0056819831505706,1.0067592935049552
GBR,86T88,1.0067099502967285,1.0058452746272926,1.0067592935049552
GBR,90T93,1.0059445332965538,1.0059539764637306,1.0067592935049552
GBR,94T98,1.0065161634260655,1.0056094468631236,1.0067592935049552
GRC,01T02,1.0202501499520003,1.0102824892210864,1.0109887677991263
GRC,03,1.007251549457322,1.0058283272049406,1.0109887677991263
GRC,05T06,0.737078463318908,1.009028278044127,1.0109887677991263
GRC,07T08,0.9898760431431713,1.0106355852502582,1.0109887677991263
GRC,10T12,1.0109128535075742,1.0129709572852785,1.0109887677991263
GRC,13T15,0.9981907353387673,1.009611347796866,1.0109887677991263
GRC,16,1.0098821037981105,1.009790436706037,1.0109887677991263
GRC,17T18,1.0072277779777783,1.0080408200624358,1.0109887677991263
GRC,19,0.9852256274117934,1.0141668759576676,1.0109887677991263
GRC,20,1.0088767543995047,1.0096705406641333,1.0109887677991263
GRC,21,1.0054851284617097,1.0081088191058896,1.0109887677991263
GRC,22,1.0045303728544186,1.0107419895816323,1.0109887677991263
GRC,23,0.9102123643380433,1.0193854169815373,1.0109887677991263
GRC,24,0.9887145646379067,1.0227233549858543,1.0109887677991263
GRC,25,1.002643709989577,1.0126021220128674,1.0109887677991263
GRC,26,1.0074110439531672,1.0082568759232375,1.0109887677991263
GRC,27,0.9946251545818157,1.0161741244311253,1.0109887677991263
GRC,28,1.0037498714883157,1.0104125150261614,1.0109887677991263
GRC,29T30,1.0086712982600539,1.0090654444906657,1.0109887677991263
GRC,31T33,1.0024108912459762,1.0091461867590605,1.0109887677991263
GRC,35,0.9560128606040339,1.0191700764451934,1.0109887677991263
GRC,36T39,1.0093448167010983,1.017490216881441,1.0109887677991263
GRC,41T43,1.0098211654478337,1.0147947366689134,1.0109887677991263
GRC,45T47,1.0044607295521946,1.0061582951301937,1.0109887677991263
GRC,49,1.0014202197059219,1.0071997557551309,1.0109887677991263
GRC,50,0.9981168594907616,1.0069976664998528,1.0109887677991263
GRC,51,0.9988945193444221,1.0078606999661153,1.0109887677991263
GRC,52,0.9985435206333817,1.0092866627475037,1.0109887677991263
GRC,53,1.0051639621822162,1.0065110966631117,1.0109887677991263
GRC,55T56,1.0074488678498386,1.008657573891825,1.0109887677991263
GRC,58T60,1.003268793672022,1.0072295591479283,1.0109887677991263
GRC,61,1.0080764385094019,1.0062562031427706,1.0109887677991263
GRC,62T63,1.004965266971684,1.0058604450636452,1.0109887677991263
GRC,64T66,1.0056119623333395,1.0051615672285603,1.0109887677991263
GRC,68,1.0079097556459975,1.0053525595013302,1.0109887677991263
GRC,69T75,1.0041137978793848,1.0058481223696856,1.0109887677991263
GRC,77T82,1.007426146356405,1.0066769867428695,1.0109887677991263
GRC,84,1.0103796884049012,1.005822728210064,1.0109887677991263
GRC,85,1.0103903147019286,1.0056506037526123,1.0109887677991263
GRC,86T88,1.0105693810461094,1.0066054360235033,1.0109887677991263
GRC,90T93,1.008936543848663,1.0072184248155656,1.0109887677991263
GRC,94T98,1.009046821900763,1.007375764854656,1.0109887677991263
HRV,01T02,0.9902474849527159,1.0107814326537896,1.0091703285353395
HRV,03,1.006706727273029,1.008892610315899,1.0091703285353395
HRV,05T06,0.8890963265725911,1.0169672346934313,1.0091703285353395
HRV,07T08,0.993132751103334,1.0099861177943599,1.0091703285353395
HRV,10T12,1.0098363268585122,1.0116666007680268,1.0091703285353395
HRV,13T15,1.0050271606051158,1.008112032430714,1.0091703285353395
HRV,16,1.0082990689304743,1.0102707813143263,1.0091703285353395
HRV,17T18,1.0027984425680119,1.0085617428644154,1.0091703285353395
HRV,19,0.9950105717229845,1.0128306781160081,1.0091703285353395
HRV,20,0.8717576464806709,1.0126039340861506,1.0091703285353395
HRV,21,1.0039316309773572,1.0078437391162325,1.0091703285353395
HRV,22,1.0034534162396302,1.0095193683911212,1.0091703285353395
HRV,23,0.9510249595055463,1.009480023249044,1.0091703285353395
HRV,24,1.0303326389342988,1.0110073554100925,1.0091703285353395
HRV,25,1.0111154146784136,1.0079895319798453,1.0091703285353395
HRV,26,1.0087887091887922,1.00562799334489,1.0091703285353395
HRV,27,1.0109014671573222,1.0080867791314954,1.0091703285353395
HRV,28,1.0092995853492837,1.0073382052767705,1.0091703285353395
HRV,29T30,1.0071270281590408,1.00765516983385,1.0091703285353395
HRV,31T33,1.0005276595968575,1.0097581538991283,1.0091703285353395
HRV,35,1.0028908843487037,1.008146676051892,1.0091703285353395
HRV,36T39,1.006311898370618,1.007581238112597,1.0091703285353395
HRV,41T43,1.0076725698956301,1.0102439387375373,1.0091703285353395
HRV,45T47,1.0036565989331863,1.0072874174541642,1.0091703285353395
HRV,49,1.0033473319705628,1.006411104105141,1.0091703285353395
HRV,50,1.0035550755728446,1.0070626542143468,1.0091703285353395
HRV,51,1.005923785438728,1.0064419616089275,1.0091703285353395
HRV,52,1.003434048100188,1.0075758810468092,1.0091703285353395
HRV,53,1.0058341817796101,1.0049613155087036,1.0091703285353395
HRV,55T56,1.0082748326624504,1.007113578346015,1.0091703285353395
HRV,58T60,1.0025839249901625,1.0058198518746417,1.0091703285353395
HRV,61,1.0066581929749725,1.0057329410485398,1.0091703285353395
HRV,62T63,1.002325562033802,1.0054059341890091,1.0091703285353395
HRV,64T66,1.0043483760450567,1.0049456206093568,1.0091703285353395
HRV,68,1.0078118694569964,1.0070460466124493,1.0091703285353395
HRV,69T75,1.0036509693882627,1.0062651254120694,1.0091703285353395
HRV,77T82,1.0055430495397217,1.0067430319761954,1.0091703285353395
HRV,84,1.0087309470709989,1.006265529654744,1.0091703285353395
HRV,85,1.008320325540702,1.0054421194349208,1.0091703285353395
HRV,86T88,1.00879127561917,1.0063093228458573,1.0091703285353395
HRV,90T93,1.007638935387241,1.0066352474625757,1.0091703285353395
HRV,94T98,1.0067783097465564,1.006566710354807,1.0091703285353395
HUN,01T02,0.9761002392854168,1.0121615450757306,1.0091464329695674
HUN,03,1.0051146530727733,1.0093991392876005,1.0091464329695674
HUN,05T06,0.8064578737792856,1.0145517035475806,1.0091464329695674
HUN,07T08,0.9914549969814012,1.0168486253259237,1.0091464329695674
HUN,10T12,1.0027375741181748,1.0157022402599565,1.0091464329695674
HUN,13T15,1.0085234170172128,1.007145804449599,1.0091464329695674
HUN,16,1.003143651745194,1.0113742557863195,1.0091464329695674
HUN,17T18,1.0064786979664322,1.0078469348852894,1.0091464329695674
HUN,19,1.0001423928495654,1.011317623447866,1.0091464329695674
HUN,20,0.9721375495356208,1.0115017933350798,1.0091464329695674
HUN,21,1.0046626962531087,1.0068109846829465,1.0091464329695674
HUN,22,1.0061895505500962,1.0101030987765518,1.0091464329695674
HUN,23,0.9962984204008457,1.0121355425149794,1.0091464329695674
HUN,24,1.019919972971862,1.0132283091620091,1.0091464329695674
HUN,25,1.0084051905917983,1.0102644526949678,1.0091464329695674
HUN,26,1.0078053644711324,1.0069726605078941,1.0091464329695674
HUN,27,1.008541794274831,1.009503865348396,1.0091464329695674
HUN,28,1.007487687387575,1.0081828532515076,1.0091464329695674
HUN,29T30,1.0086583290165072,1.007858805612145,1.0091464329695674
HUN,31T33,1.0075711153770628,1.006929852646786,1.0091464329695674
HUN,35,0.9389080915612561,1.0091448524049405,1.0091464329695674
HUN,36T39,1.0068732435725205,1.0071593107047663,1.0091464329695674
HUN,41T43,1.0083239822676926,1.0090685130261794,1.0091464329695674
HUN,45T47,1.0027573210603549,1.006498459104793,1.0091464329695674
HUN,49,1.0024414139128333,1.0066344663211877,1.0091464329695674
HUN,50,0.9997822341433008,1.0077360832459878,1.0091464329695674
HUN,51,1.0030564566464912,1.007398687962709,1.0091464329695674
HUN,52,1.0033397140704547,1.0056944838380617,1.0091464329695674
HUN,53,1.0058698419693564,1.004656954747805,1.0091464329695674
HUN,55T56,1.0073734375208239,1.0081758846808113,1.0091464329695674
HUN,58T60,1.006995414603626,1.0048617977213146,1.0091464329695674
HUN,61,1.0077154979852778,1.0046868619840643,1.0091464329695674
HUN,62T63,1.0052076493640902,1.004143118330858,1.0091464329695674
HUN,64T66,1.0056895550513734,1.0041214276481216,1.0091464329695674
HUN,68,1.0075974302751867,1.0049039616929638,1.0091464329695674
HUN,69T75,1.0053843607049864,1.0048418397253973,1.0091464329695674
HUN,77T82,1.004545994447666,1.0050878508338916,1.0091464329695674
HUN,84,1.0087357258594738,1.004593860000588,1.0091464329695674
HUN,85,1.008953702355806,1.00456980444086,1.0091464329695674
HUN,86T88,1.0089677464982383,1.005446918376896,1.0091464329695674
HUN,90T93,1.008160436022567,1.0056992660774744,1.0091464329695674
HUN,94T98,1.0076395073850883,1.0051722185908576,1.0091464329695674
IDN,01T02,0.8561499021812617,0.9962772517921099,1.0060903538120616
IDN,03,1.0042038183410882,0.9858719026557575,1.0060903538120616
IDN,05T06,0.9382508741528346,0.9958790878550823,1.0060903538120616
IDN,07T08,1.019272629412434,0.9899028954642971,1.0060903538120616
IDN,10T12,0.9853541478293971,1.036234368305692,1.0060903538120616
IDN,13T15,1.0419480400039474,0.9946987912063313,1.0060903538120616
IDN,16,0.9902822006782737,1.0248635250369753,1.0060903538120616
IDN,17T18,1.0166728357765242,0.9999230263092371,1.0060903538120616
IDN,19,0.9836113552317993,1.0073588623590675,1.0060903538120616
IDN,20,0.9675497119183334,1.0071191149747984,1.0060903538120616
IDN,21,1.0015227541363294,1.0083603375246972,1.0060903538120616
IDN,22,0.9880992965273507,1.026527869617276,1.0060903538120616
IDN,23,0.9124593315608441,1.0067534799979652,1.0060903538120616
IDN,24,1.0627396309136496,0.9933192779986257,1.0060903538120616
IDN,25,1.0124135537560426,1.0020401334229205,1.0060903538120616
IDN,26,1.0129191991968602,1.0007164006112532,1.0060903538120616
IDN,27,1.0233888239029665,1.0006405367813478,1.0060903538120616
IDN,28,1.0147997468732208,1.003854730635469,1.0060903538120616
IDN,29T30,1.0217215856458812,0.9931904697298514,1.0060903538120616
IDN,31T33,1.0290373702644708,1.0007723767101837,1.0060903538120616
IDN,35,0.8818287668248496,1.048670267548545,1.0060903538120616
IDN,36T39,1.0047016991818802,0.9967105892310257,1.0060903538120616
IDN,41T43,1.004378322766692,1.0011800360647662,1.0060903538120616
IDN,45T47,1.0057510661775722,0.9896658372289624,1.0060903538120616
IDN,49,1.0045445590229514,0.9911817441022945,1.0060903538120616
IDN,50,1.0035543528854038,0.9987432264587353,1.0060903538120616
IDN,51,1.008444449510093,0.993955614761463,1.0060903538120616
IDN,52,1.004978466748789,0.9933746740345795,1.0060903538120616
IDN,53,1.0103123796308013,0.9936488221897282,1.0060903538120616
IDN,55T56,1.0051554339222195,1.0097949401546875,1.0060903538120616
IDN,58T60,1.0095162793429462,0.9945195294398593,1.0060903538120616
IDN,61,1.0048265080902448,0.9885452795269056,1.0060903538120616
IDN,62T63,1.008325392349686,0.9968702028499269,1.0060903538120616
IDN,64T66,0.9950461321714971,0.9851480511050444,1.0060903538120616
IDN,68,1.0067155549461553,0.9865596619545318,1.0060903538120616
IDN,69T75,1.0433493786325139,0.987935565309139,1.0060903538120616
IDN,77T82,1.0011040391014572,0.9875398190971206,1.0060903538120616
IDN,84,1.0053528375120069,0.9926118106138784,1.0060903538120616
IDN,85,1.006267744256578,0.9887314206190263,1.0060903538120616
IDN,86T88,1.005804348792097,0.9977112592308718,1.0060903538120616
IDN,90T93,1.0105638105816936,0.9928522906476925,1.0060903538120616
IDN,94T98,1.0052013278250016,0.9890248116204564,1.0060903538120616
IND,01T02,0.9809527030896621,1.0014064054434328,1.0114976197945695
IND,03,1.0111878558417788,0.9966918609732183,1.0114976197945695
IND,05T06,0.9283965760848616,1.0023823818954365,1.0114976197945695
IND,07T08,0.9136118233134111,1.0063032515064394,1.0114976197945695
IND,10T12,1.0104996346353887,1.016285277674531,1.0114976197945695
IND,13T15,1.0045280203299785,1.0089406367682627,1.0114976197945695
IND,16,1.006884193123012,1.006329658572871,1.0114976197945695
IND,17T18,0.9984505831345784,1.0082801935405126,1.0114976197945695
IND,19,0.9785288692183856,1.010069875962018,1.0114976197945695
IND,20,0.9922786143886391,1.0096056424694957,1.0114976197945695
IND,21,1.0083858238781105,1.0021526282749467,1.0114976197945695
IND,22,1.001826997567102,1.0112808488165692,1.0114976197945695
IND,23,0.946485250055122,1.0116390748078157,1.0114976197945695
IND,24,0.8755327088382759,1.0190792076806345,1.0114976197945695
IND,25,0.9843009408381627,1.0186175953074244,1.0114976197945695
IND,26,0.998630941688404,1.0172219921893504,1.0114976197945695
IND,27,0.9917059272317338,1.0264749666246955,1.0114976197945695
IND,28,0.9976512527159399,1.0189461596925122,1.0114976197945695
IND,29T30,1.0009164039947205,1.0220705625191604,1.0114976197945695
IND,31T33,0.9925335416366625,1.010331460708975,1.0114976197945695
IND,35,0.8759949326430692,1.0064997109579055,1.0114976197945695
IND,36T39,0.9936641206830464,1.0040196445846599,1.0114976197945695
IND,41T43,1.0091985478704717,1.0150593416291012,1.0114976197945695
IND,45T47,1.001909229654742,0.9991654601394192,1.0114976197945695
IND,49,0.9962722802865535,1.0044368508177308,1.0114976197945695
IND,50,0.9833047040836825,1.007587332140965,1.0114976197945695
IND,51,0.9876264972756633,1.0134710737943078,1.0114976197945695
IND,52,0.9897509095019662,1.0082019453042927,1.0114976197945695
IND,53,0.998227387717447,1.0011875421161873,1.0114976197945695
IND,55T56,1.0027313406001785,1.013995885375524,1.0114976197945695
IND,58T60,1.0043957879823338,1.0050647867236346,1.0114976197945695
IND,61,1.0011569569444265,1.0158159597301615,1.0114976197945695
IND,62T63,1.0163905555765194,0.997652250006696,1.0114976197945695
IND,64T66,1.003305653533677,1.0034006610374813,1.0114976197945695
IND,68,1.0109865698643465,0.9972378892306777,1.0114976197945695
IND,69T75,1.0075436008462961,1.002097853547214,1.0114976197945695
IND,77T82,0.9994780960761726,1.0005735930954336,1.0114976197945695
IND,84,1.011518636635761,1.000163450059963,1.0114976197945695
IND,85,1.0113297678790474,0.9966222827415501,1.0114976197945695
IND,86T88,1.0115690365264047,0.9984708286425902,1.0114976197945695
IND,90T93,1.011113646484533,1.0009884061100554,1.0114976197945695
IND,94T98,1.0111343061963807,1.0047401615654346,1.0114976197945695
IRL,01T02,0.9175569729472015,1.0123322820748477,1.0113576599941914
IRL,03,0.9994907536910254,1.0110498047035652,1.0113576599941914
IRL,05T06,0.7653598265359055,1.012889887471861,1.0113576599941914
IRL,07T08,0.991007936530037,1.012418882559835,1.0113576599941914
IRL,10T12,1.0084726261266423,1.0123801688043528,1.0113576599941914
IRL,13T15,1.0095297770467022,1.0066597403646533,1.0113576599941914
IRL,16,0.9957011554171586,1.0144928546328018,1.0113576599941914
IRL,17T18,1.0101132042489913,1.0064440171826825,1.0113576599941914
IRL,19,1.0235615114731866,1.0081540447451922,1.0113576599941914
IRL,20,1.02705135376534,1.0074082106734847,1.0113576599941914
IRL,21,1.0070035794622827,1.0062598591171819,1.0113576599941914
IRL,22,1.014250415862809,1.0073736777625482,1.0113576599941914
IRL,23,0.9848100867290485,1.00959540985748,1.0113576599941914
IRL,24,1.008526304942755,1.0085322911870354,1.0113576599941914
IRL,25,1.019169277330089,1.0074796228024567,1.0113576599941914
IRL,26,1.007612663354879,1.0068611488272958,1.0113576599941914
IRL,27,1.0143650983151182,1.0076811285651033,1.0113576599941914
IRL,28,1.0084698384888424,1.0070650534797014,1.0113576599941914
IRL,29T30,1.0098286511214578,1.007481237481209,1.0113576599941914
IRL,31T33,1.009418219188335,1.0065838631305482,1.0113576599941914
IRL,35,0.9842127321232772,1.0076320924033766,1.0113576599941914
IRL,36T39,1.0089088067257361,1.0069516447006195,1.0113576599941914
IRL,41T43,1.008780612607953,1.008534031941793,1.0113576599941914
IRL,45T47,1.0012825394144942,1.0065588949767494,1.0113576599941914
IRL,49,1.0043943230454253,1.0068705868154826,1.0113576599941914
IRL,50,1.0034052536668174,1.0067873718736746,1.0113576599941914
IRL,51,1.0023627598280622,1.0071252505717718,1.0113576599941914
IRL,52,1.0039674106311827,1.0066654619944326,1.0113576599941914
IRL,53,1.0039976664333203,1.0063196317530618,1.0113576599941914
IRL,55T56,1.0100010993115531,1.006957121848321,1.0113576599941914
IRL,58T60,1.0044849551272483,1.0060293488902345,1.0113576599941914
IRL,61,1.0041789493410376,1.0064162106485932,1.0113576599941914
IRL,62T63,1.001933014042357,1.006223522933556,1.0113576599941914
IRL,64T66,0.9997725949032896,1.005920102124915,1.0113576599941914
IRL,68,1.0063633390369833,1.0060779200833196,1.0113576599941914
IRL,69T75,1.0021917855604956,1.0062111329705015,1.0113576599941914
IRL,77T82,1.0013132225050836,1.006239336305868,1.0113576599941914
IRL,84,1.0104726324061886,1.0066261353788943,1.0113576599941914
IRL,85,1.0103874707896723,1.0062374503418072,1.0113576599941914
IRL,86T88,1.011114158506935,1.006326441912046,1.0113576599941914
IRL,90T93,1.0071260158016775,1.0067174480618952,1.0113576599941914
IRL,94T98,1.0082109348175625,1.006310050436277,1.0113576599941914
ISL,01T02,0.9899705789809111,1.0094128325449128,1.0070126973708025
ISL,03,1.0071979469541814,1.0065491888659486,1.0070126973708025
ISL,05T06,1.003622771360632,1.0068775107282508,1.0070126973708025
ISL,07T08,0.9992197866649476,1.0062162780689958,1.0070126973708025
ISL,10T12,1.0176527465486929,1.008832858352113,1.0070126973708025
ISL,13T15,1.0078916281240529,1.006971660003259,1.0070126973708025
ISL,16,1.02015861318352,1.0092725051743852,1.0070126973708025
ISL,17T18,1.0101950778575635,1.006691760046721,1.0070126973708025
ISL,19,1.0192546657585668,1.0064360821762899,1.0070126973708025
ISL,20,1.0212825778176327,1.008267718508778,1.0070126973708025
ISL,21,0.9979049099713495,1.0098008004124384,1.0070126973708025
ISL,22,1.012515476959297,1.0078984080361288,1.0070126973708025
ISL,23,1.021317523200218,1.0072348034727825,1.0070126973708025
ISL,24,0.9850371627449944,1.0112802477238134,1.0070126973708025
ISL,25,1.010154551753104,1.0087111339345236,1.0070126973708025
ISL,26,1.0075076851037519,1.0071128230066357,1.0070126973708025
ISL,27,1.0034306328708997,1.0073154063626923,1.0070126973708025
ISL,28,1.0073110766178761,1.0070950544951571,1.0070126973708025
ISL,29T30,1.0070778031009995,1.0073730731148747,1.0070126973708025
ISL,31T33,1.0056097396094212,1.0071130902844254,1.0070126973708025
ISL,35,1.0026693223370933,1.0064551832661157,1.0070126973708025
ISL,36T39,1.0023604944021436,1.006792363506016,1.0070126973708025
ISL,41T43,1.006954156732538,1.007550223203626,1.0070126973708025
ISL,45T47,1.0051379392678947,1.0059500275703994,1.0070126973708025
ISL,49,1.0038513230581356,1.006731683731967,1.0070126973708025
ISL,50,0.9994109285933072,1.0072205641922967,1.0070126973708025
ISL,51,0.9978512011257447,1.0069530689023476,1.0070126973708025
ISL,52,1.002115852440553,1.0060155451561588,1.0070126973708025
ISL,53,1.0048594488865852,1.0060440247884594,1.0070126973708025
ISL,55T56,1.0083128717423082,1.0066325735591328,1.0070126973708025
ISL,58T60,1.0024736315215375,1.0060745137662628,1.0070126973708025
ISL,61,1.0035532377477598,1.0059540013465273,1.0070126973708025
ISL,62T63,1.00314831830843,1.0058335569086532,1.0070126973708025
ISL,64T66,1.0035451535504203,1.0056726172484747,1.0070126973708025
ISL,68,1.0064380910913295,1.0058619763373817,1.0070126973708025
ISL,69T75,1.00446155669247,1.0058686122721165,1.0070126973708025
ISL,77T82,1.0057378426459231,1.0060962491656653,1.0070126973708025
ISL,84,1.0068078798748448,1.0058513522842312,1.0070126973708025
ISL,85,1.0069073240248825,1.0058272124535625,1.0070126973708025
ISL,86T88,1.006950875692353,1.005905194478474,1.0070126973708025
ISL,90T93,1.006071771116818,1.0058695886682238,1.0070126973708025
ISL,94T98,1.0062178539667077,1.0059954828057163,1.0070126973708025
ISR,01T02,1.0402900770425711,1.0130978499112588,1.0097945975482447
ISR,03,1.007581372936452,1.009146507444585,1.0097945975482447
ISR,05T06,0.8022382960212937,1.0094820690090562,1.0097945975482447
ISR,07T08,0.9945906294055321,1.008243941684074,1.0097945975482447
ISR,10T12,1.011947866303651,1.0112869212091,1.0097945975482447
ISR,13T15,1.0044170123009522,1.0083154089498692,1.0097945975482447
ISR,16,1.0195162497182781,1.0086615576387572,1.0097945975482447
ISR,17T18,1.009504954505245,1.0082384938954725,1.0097945975482447
ISR,19,1.000163412220176,1.0129860498192824,1.0097945975482447
ISR,20,1.018105955582351,1.0090787565565051,1.0097945975482447
ISR,21,1.0039610937375913,1.008097268013982,1.0097945975482447
ISR,22,1.0091802349608787,1.0097224054765201,1.0097945975482447
ISR,23,1.0057229123447353,1.0104372829021555,1.0097945975482447
ISR,24,1.0540496181536103,1.0152157640485593,1.0097945975482447
ISR,25,1.0147331425487958,1.009634959008226,1.0097945975482447
ISR,26,1.0082352203441336,1.0074853881676311,1.0097945975482447
ISR,27,1.014069449267052,1.0085333175915057,1.0097945975482447
ISR,28,1.0087812904026174,1.0085977956388765,1.0097945975482447
ISR,29T30,1.007316862888725,1.0088457467114829,1.0097945975482447
ISR,31T33,1.0147860589413964,1.0054510287212337,1.0097945975482447
ISR,35,0.9623215754782303,1.0121894682730352,1.0097945975482447
ISR,36T39,1.0098696546947354,1.0090543199360322,1.0097945975482447
ISR,41T43,1.0094842853216377,1.0090078978066905,1.0097945975482447
ISR,45T47,1.0045237262956885,1.0070078282322195,1.0097945975482447
ISR,49,1.004832808042208,1.0079146519873372,1.0097945975482447
ISR,50,0.9952007676672876,1.007299494339022,1.0097945975482447
ISR,51,1.0034997036673172,1.0075933068092071,1.0097945975482447
ISR,52,0.9968429697431032,1.007977789969496,1.0097945975482447
ISR,53,1.006958570748487,1.0071565639269617,1.0097945975482447
ISR,55T56,1.0065060834887973,1.0095076980018867,1.0097945975482447
ISR,58T60,1.002386989697646,1.0070414664509133,1.0097945975482447
ISR,61,1.0062292199846334,1.0067686998224508,1.0097945975482447
ISR,62T63,0.9977978313240548,1.0065833143210248,1.0097945975482447
ISR,64T66,1.0039269027079742,1.006698606733561,1.0097945975482447
ISR,68,1.0087696954571912,1.0066345608377465,1.0097945975482447
ISR,69T75,1.0059146649106696,1.0069629402534315,1.0097945975482447
ISR,77T82,1.006463790863856,1.0066002808558594,1.0097945975482447
ISR,84,1.009734120361179,1.0079639160449139,1.0097945975482447
ISR,85,1.0095703293305407,1.006952707755017,1.0097945975482447
ISR,86T88,1.009611972832934,1.00705544444321,1.0097945975482447
ISR,90T93,1.0087339799730481,1.0067026062093982,1.0097945975482447
ISR,94T98,1.0077951223262398,1.0082862069547034,1.0097945975482447
ITA,01T02,1.0179934682396667,1.0102819419076874,1.0104682646361833
ITA,03,1.007123752887547,1.0096712166554194,1.0104682646361833
ITA,05T06,0.9796503969311137,1.0093991576900097,1.0104682646361833
ITA,07T08,1.0014143823134651,1.0078286086795905,1.0104682646361833
ITA,10T12,1.011942244663403,1.012111390062604,1.0104682646361833
ITA,13T15,1.0047969801049583,1.0085784020550224,1.0104682646361833
ITA,16,1.0090947089313658,1.0103791414024312,1.0104682646361833
ITA,17T18,1.005947590001436,1.0093787206504314,1.0104682646361833
ITA,19,1.002521535616014,1.0131261329963281,1.0104682646361833
ITA,20,1.010609002107482,1.0116299184079285,1.0104682646361833
ITA,21,1.0022288740849943,1.0093342454508676,1.0104682646361833
ITA,22,1.0064744213925474,1.010726809422011,1.0104682646361833
ITA,23,1.0068894397076456,1.0125150420402997,1.0104682646361833
ITA,24,1.03029897014182,1.0147643595971925,1.0104682646361833
ITA,25,1.0082276863127302,1.0105984910580603,1.0104682646361833
ITA,26,1.005919335145458,1.0095612171796777,1.0104682646361833
ITA,27,1.006855110010739,1.0105007700514712,1.0104682646361833
ITA,28,1.0057054186716605,1.0096982096787837,1.0104682646361833
ITA,29T30,1.0055670468828108,1.0095520536263034,1.0104682646361833
ITA,31T33,1.0048711624952382,1.0094676285452804,1.0104682646361833
ITA,35,0.9842123918128015,1.0173377437359747,1.0104682646361833
ITA,36T39,1.0104509217883515,1.0094400635871479,1.0104682646361833
ITA,41T43,1.0097396165351034,1.0091947574343585,1.0104682646361833
ITA,45T47,1.0049200483079588,1.0083309582850886,1.0104682646361833
ITA,49,1.0043432976484767,1.0090092098008392,1.0104682646361833
ITA,50,1.001233827012462,1.0093383025772764,1.0104682646361833
ITA,51,1.0004665002989264,1.009082192910667,1.0104682646361833
ITA,52,1.004742270056399,1.0084741832192414,1.0104682646361833
ITA,53,1.0030778594809344,1.0103158015352265,1.0104682646361833
ITA,55T56,1.008199836497998,1.0092905028190537,1.0104682646361833
ITA,58T60,1.0029172925579344,1.0080693236489744,1.0104682646361833
ITA,61,1.0052815736547198,1.0079008588608207,1.0104682646361833
ITA,62T63,1.005394010095555,1.0077428118074707,1.0104682646361833
ITA,64T66,1.005926117397116,1.007593584219468,1.0104682646361833
ITA,68,1.0091788090491394,1.0076456842451869,1.0104682646361833
ITA,69T75,1.0060229307558441,1.008185837891362,1.0104682646361833
ITA,77T82,1.0064454381933905,1.0084785594967365,1.0104682646361833
ITA,84,1.0101376789856658,1.0082443373425782,1.0104682646361833
ITA,85,1.0099333020487584,1.0079457730440124,1.0104682646361833
ITA,86T88,1.0101802046278492,1.0084599770989138,1.0104682646361833
ITA,90T93,1.0084983388510689,1.0083791604818138,1.0104682646361833
ITA,94T98,1.0095307628234071,1.0088814876152983,1.0104682646361833
JPN,01T02,1.0227810663294885,1.0110780390160767,1.0104584285326763
JPN,03,1.0085240298102771,1.0088577262017733,1.0104584285326763
JPN,05T06,0.9482529091496554,1.009478001672332,1.0104584285326763
JPN,07T08,0.9891625269217386,1.0094944590161166,1.0104584285326763
JPN,10T12,1.012562155341377,1.0109698742581152,1.0104584285326763
JPN,13T15,1.0060366373119725,1.009279542140154,1.0104584285326763
JPN,16,1.0116319611326583,1.011171280329686,1.0104584285326763
JPN,17T18,1.0061193759217317,1.0100383983433023,1.0104584285326763
JPN,19,0.9936941505930086,1.0143194507505702,1.0104584285326763
JPN,20,1.0012329935300233,1.012387828541885,1.0104584285326763
JPN,21,1.0063516688103116,1.009511898508086,1.0104584285326763
JPN,22,1.0089546691959712,1.011111533515673,1.0104584285326763
JPN,23,0.9929969133809443,1.0082874269176265,1.0104584285326763
JPN,24,1.0177622534503927,1.011490791686793,1.0104584285326763
JPN,25,1.0107833658159004,1.0125182422038257,1.0104584285326763
JPN,26,1.0064180848812692,1.0096869114739226,1.0104584285326763
JPN,27,1.0093533075754084,1.0108923490634634,1.0104584285326763
JPN,28,1.0073304569697086,1.0101492873858635,1.0104584285326763
JPN,29T30,1.0027128642348089,1.0106842902856203,1.0104584285326763
JPN,31T33,1.0049588289776894,1.0094954162379621,1.0104584285326763
JPN,35,0.9620237148313965,1.0182200100992607,1.0104584285326763
JPN,36T39,1.0077324023676049,1.0082389029025776,1.0104584285326763
JPN,41T43,1.0101567609477153,1.0102783563175248,1.0104584285326763
JPN,45T47,1.0049004380917916,1.0086783897186087,1.0104584285326763
JPN,49,1.0057749635981426,1.008686379721219,1.0104584285326763
JPN,50,0.9981689049280036,1.010787697242681,1.0104584285326763
JPN,51,1.0053628772411651,1.0107337752987846,1.0104584285326763
JPN,52,1.0040700248677459,1.008265000582766,1.0104584285326763
JPN,53,1.0049216473126128,1.0079668990458261,1.0104584285326763
JPN,55T56,1.0084446534341174,1.0101936641899405,1.0104584285326763
JPN,58T60,1.005159436916365,1.0080775524142913,1.0104584285326763
JPN,61,1.009104965937181,1.0079763435065874,1.0104584285326763
JPN,62T63,1.0053268899730181,1.0076926693906294,1.0104584285326763
JPN,64T66,1.006568144023783,1.0076801460867517,1.0104584285326763
JPN,68,1.0095284642861642,1.0073051012613186,1.0104584285326763
JPN,69T75,1.0047307664686709,1.0079359827825531,1.0104584285326763
JPN,77T82,1.004117649463096,1.0079342824811444,1.0104584285326763
JPN,84,1.0104113698177737,1.0081157969302992,1.0104584285326763
JPN,85,1.009885642641964,1.0079712706649488,1.0104584285326763
JPN,86T88,1.0103696022564386,1.008272606890635,1.0104584285326763
JPN,90T93,1.009264956352403,1.0094186138955774,1.0104584285326763
JPN,94T98,1.00937808900934,1.008738729075219,1.0104584285326763
KAZ,01T02,0.9664713349160614,0.995933221102585,1.0003245574903596
KAZ,03,1.0016663028352175,0.9871358314654322,1.0003245574903596
KAZ,05T06,0.9541083262961024,0.9939566841903736,1.0003245574903596
KAZ,07T08,0.9906036330185961,0.9983974042627295,1.0003245574903596
KAZ,10T12,1.0095846162690274,1.0021355216556533,1.0003245574903596
KAZ,13T15,1.0230679261459568,0.9987391066403816,1.0003245574903596
KAZ,16,1.0137967166093604,1.004721875326717,1.0003245574903596
KAZ,17T18,1.012152839163509,0.9972063802824388,1.0003245574903596
KAZ,19,0.9641181002635238,0.9977135321297625,1.0003245574903596
KAZ,20,0.9694207670605166,0.9932790736998489,1.0003245574903596
KAZ,21,1.0268509282330105,0.9904568409231602,1.0003245574903596
KAZ,22,1.012596227590005,1.0009145198144629,1.0003245574903596
KAZ,23,0.8254990270826634,1.0022832176033056,1.0003245574903596
KAZ,24,0.9925241211948254,0.9913939878549674,1.0003245574903596
KAZ,25,1.0168495060169025,0.9986459928320742,1.0003245574903596
KAZ,26,1.0020597838647116,0.9943855085043393,1.0003245574903596
KAZ,27,1.0244448851554437,0.9965256524001753,1.0003245574903596
KAZ,28,1.0158756384265677,0.9969835514236041,1.0003245574903596
KAZ,29T30,1.0301479955743187,0.992191766891754,1.0003245574903596
KAZ,31T33,0.9977739146797618,0.9974716337996988,1.0003245574903596
KAZ,35,0.6928934687946121,1.0053407566919497,1.0003245574903596
KAZ,36T39,0.9909488975647668,1.0108925912546103,1.0003245574903596
KAZ,41T43,0.9973128416975938,1.0056258226898174,1.0003245574903596
KAZ,45T47,0.9992311939668446,0.9902717047025509,1.0003245574903596
KAZ,49,0.9972293175469296,0.9928874522325588,1.0003245574903596
KAZ,50,1.0050486969702404,0.9962150347923007,1.0003245574903596
KAZ,51,1.0211871733780828,0.9916089710345933,1.0003245574903596
KAZ,52,1.0026367810220667,0.9918012207134856,1.0003245574903596
KAZ,53,1.00598060695133,0.9896511058662973,1.0003245574903596
KAZ,55T56,1.0125012621982121,0.9941004006910827,1.0003245574903596
KAZ,58T60,1.0018443528331777,1.0003303820431555,1.0003245574903596
KAZ,61,1.0023533589691478,0.9938491530176778,1.0003245574903596
KAZ,62T63,0.9899761890606714,0.996691896754502,1.0003245574903596
KAZ,64T66,0.9969579305195253,0.9883515267988466,1.0003245574903596
KAZ,68,1.0006420576571797,0.9909167249927137,1.0003245574903596
KAZ,69T75,0.9988317654116012,0.9938761027233896,1.0003245574903596
KAZ,77T82,0.9974525903138777,0.9933353173722161,1.0003245574903596
KAZ,84,1.0003117821416074,1.0034448214879024,1.0003245574903596
KAZ,85,1.0002785461166483,1.0032017333002778,1.0003245574903596
KAZ,86T88,1.000033327878891,0.9993300831536783,1.0003245574903596
KAZ,90T93,0.9997791816508613,1.0041749683730834,1.0003245574903596
KAZ,94T98,0.9998139116948882,1.0112020124016134,1.0003245574903596
KHM,01T02,0.7611836822999561,0.9957330362013719,1.0144767757195248
KHM,03,0.990464468000707,0.9791551320576576,1.0144767757195248
KHM,05T06,1.0081350845108465,0.9861377303544107,1.0144767757195248
KHM,07T08,0.9957374936040997,0.9887474727341063,1.0144767757195248
KHM,10T12,0.9715877773738435,1.0403209615492537,1.0144767757195248
KHM,13T15,1.0704381330806056,0.9938144814938309,1.0144767757195248
KHM,16,0.9993006856750629,1.00447605747108,1.0144767757195248
KHM,17T18,1.0108883139348268,1.007311226552573,1.0144767757195248
KHM,19,0.6801776361310108,0.9972772258505926,1.0144767757195248
KHM,20,1.012679844023607,1.0115775922481482,1.0144767757195248
KHM,21,1.0407102435948241,0.9929358760869593,1.0144767757195248
KHM,22,1.0143851852606056,1.0179898147011794,1.0144767757195248
KHM,23,0.6610262086587554,0.9901786535711672,1.0144767757195248
KHM,24,1.1692233009735262,0.9907734378323914,1.0144767757195248
KHM,25,1.075285383427208,0.9970865732613065,1.0144767757195248
KHM,26,1.0320197969844518,0.9932798925661589,1.0144767757195248
KHM,27,1.0509693141173466,0.9956867495410087,1.0144767757195248
KHM,28,1.0439350259029256,0.9927322493025622,1.0144767757195248
KHM,29T30,1.038636012010316,0.9947572805712616,1.0144767757195248
KHM,31T33,1.058601185491984,0.9954447166808795,1.0144767757195248
KHM,35,0.8822802605049775,1.0092005536099202,1.0144767757195248
KHM,36T39,1.0118669678182979,1.0028403494005202,1.0144767757195248
KHM,41T43,1.0098320090887558,0.9922340167926476,1.0144767757195248
KHM,45T47,1.0345416978677158,0.9932250138519277,1.0144767757195248
KHM,49,1.0367645103361984,0.9913850563626555,1.0144767757195248
KHM,50,1.0255806892933068,0.9971662639372373,1.0144767757195248
KHM,51,1.0179549352462354,1.0006075104806387,1.0144767757195248
KHM,52,1.0432929260467712,0.9883315029665021,1.0144767757195248
KHM,53,1.0391898475595,0.9888576400472068,1.0144767757195248
KHM,55T56,1.0051244145257643,1.0188070113580934,1.0144767757195248
KHM,58T60,1.0355883149518845,0.9931536696705586,1.0144767757195248
KHM,61,1.021375314529436,0.9895985615494859,1.0144767757195248
KHM,62T63,1.0342474707564655,0.9929631954229715,1.0144767757195248
KHM,64T66,1.04070123177135,0.9824237683552721,1.0144767757195248
KHM,68,1.0220551175082135,0.9897420295480204,1.0144767757195248
KHM,69T75,1.0303554658180851,0.9918297213229015,1.0144767757195248
KHM,77T82,1.0251423286555845,0.9921280469455229,1.0144767757195248
KHM,84,1.0144141672724534,0.9968327107520074,1.0144767757195248
KHM,85,1.0195802705221544,0.9859654628359948,1.0144767757195248
KHM,86T88,1.0170165894629997,0.9892186098226159,1.0144767757195248
KHM,90T93,1.025005749836305,0.9886323923247281,1.0144767757195248
KHM,94T98,1.0184939641564719,0.9871253370970596,1.0144767757195248
KOR,01T02,1.022370463655527,1.009756999619009,1.0131384162087471
KOR,03,1.0085268065161597,1.010102977425116,1.0131384162087471
KOR,05T06,0.7896125652425868,1.0088083872894675,1.0131384162087471
KOR,07T08,0.9882073334098621,1.0101590701260263,1.0131384162087471
KOR,10T12,1.0128854766934259,1.0131760953891273,1.0131384162087471
KOR,13T15,1.0027244981301155,1.0107812069673194,1.0131384162087471
KOR,16,1.0111300866836783,1.0129489396548537,1.0131384162087471
KOR,17T18,1.002839674051064,1.0114558098375528,1.0131384162087471
KOR,19,0.9934566616012415,1.0126569562158727,1.0131384162087471
KOR,20,1.0019710765813303,1.0144213331456293,1.0131384162087471
KOR,21,1.0064798478792085,1.010208983335158,1.0131384162087471
KOR,22,1.0042901651810217,1.0125728809807304,1.0131384162087471
KOR,23,0.9860925576744718,1.0167658882358275,1.0131384162087471
KOR,24,0.9863824696528483,1.020807516096749,1.0131384162087471
KOR,25,1.0059044639510135,1.014548046696202,1.0131384162087471
KOR,26,1.0041857293593872,1.0099969033314786,1.0131384162087471
KOR,27,1.0052937282926706,1.01268073123428,1.0131384162087471
KOR,28,1.0056445355977326,1.01190936982546,1.0131384162087471
KOR,29T30,1.0013951379346928,1.0122573548787117,1.0131384162087471
KOR,31T33,1.003854749801488,1.0110833467432552,1.0131384162087471
KOR,35,0.9326887995748738,1.0242431326107977,1.0131384162087471
KOR,36T39,1.004463192418703,1.010982058117257,1.0131384162087471
KOR,41T43,1.012690289540985,1.0131486366555955,1.0131384162087471
KOR,45T47,1.0018701583595018,1.0086428663530171,1.0131384162087471
KOR,49,1.002418807760656,1.0106020765136532,1.0131384162087471
KOR,50,0.992034557024406,1.0089867025137766,1.0131384162087471
KOR,51,0.9975629166306671,1.0099671040827862,1.0131384162087471
KOR,52,0.9979524957613546,1.0094319677826977,1.0131384162087471
KOR,53,1.001101533425365,1.0087533225753784,1.0131384162087471
KOR,55T56,1.0084418041995475,1.0109323007620987,1.0131384162087471
KOR,58T60,1.005009428800788,1.0075373498430855,1.0131384162087471
KOR,61,1.006277200067101,1.008833889046621,1.0131384162087471
KOR,62T63,1.0053538118445702,1.0068206010657634,1.0131384162087471
KOR,64T66,1.0080665853376096,1.0068321968852951,1.0131384162087471
KOR,68,1.0115747400639143,1.0069480685812164,1.0131384162087471
KOR,69T75,1.0038044085079518,1.0102087861704236,1.0131384162087471
KOR,77T82,1.0037805482727589,1.0071563899010525,1.0131384162087471
KOR,84,1.0128933753888372,1.0071502007913105,1.0131384162087471
KOR,85,1.012427561883411,1.0086807305316725,1.0131384162087471
KOR,86T88,1.0125490658583085,1.00920871458703,1.0131384162087471
KOR,90T93,1.0102037433835045,1.0100693802703942,1.0131384162087471
KOR,94T98,1.0094855987912643,1.009782302935239,1.0131384162087471
LAO,01T02,0.8672733096231973,0.9859771862072861,0.9924777135978637
LAO,03,0.9554642313408798,0.9695133447691826,0.9924777135978637
LAO,05T06,0.967803302514542,0.9797762163208542,0.9924777135978637
LAO,07T08,0.9973700516463139,0.9780764524663448,0.9924777135978637
LAO,10T12,0.9701918960250357,1.032398067513482,0.9924777135978637
LAO,13T15,1.073457635976623,0.9806535030884057,0.9924777135978637
LAO,16,0.9966482493155221,1.016900997688045,0.9924777135978637
LAO,17T18,0.9890823998107193,1.0149060862803732,0.9924777135978637
LAO,19,1.0395485335404018,0.987665683676762,0.9924777135978637
LAO,20,1.0880976087647833,0.9871254790409669,0.9924777135978637
LAO,21,1.0113203528414707,0.981378838708314,0.9924777135978637
LAO,22,0.9970881793562385,0.9933942934841813,0.9924777135978637
LAO,23,1.0209232459736233,0.9851484779493502,0.9924777135978637
LAO,24,1.198267520296723,0.9910302065002127,0.9924777135978637
LAO,25,1.0890050616517826,0.9921844434086655,0.9924777135978637
LAO,26,1.0240737977088872,0.9905526968495146,0.9924777135978637
LAO,27,1.0542271206434204,0.9916797824499888,0.9924777135978637
LAO,28,1.0443227527179675,0.9906102798674935,0.9924777135978637
LAO,29T30,1.0456791283235312,0.9929548416442853,0.9924777135978637
LAO,31T33,1.00893123091064,0.9958232000358727,0.9924777135978637
LAO,35,0.7441648757563019,0.9867019566414786,0.9924777135978637
LAO,36T39,0.9735426356646005,0.9829734354542102,0.9924777135978637
LAO,41T43,0.9911504439329598,0.991735777570482,0.9924777135978637
LAO,45T47,1.0048621806091034,0.9805216470995303,0.9924777135978637
LAO,49,1.0168315651027169,0.9851268982780718,0.9924777135978637
LAO,50,1.0012714272075716,0.995720308816929,0.9924777135978637
LAO,51,1.062669033493563,0.9800955532393344,0.9924777135978637
LAO,52,1.0051989552901595,0.9930569040244615,0.9924777135978637
LAO,53,1.0102118906987885,0.9789668573865103,0.9924777135978637
LAO,55T56,1.0024850118318445,0.9997774835766456,0.9924777135978637
LAO,58T60,1.000886329936324,0.9965276318959497,0.9924777135978637
LAO,61,0.9999665206137939,0.9795584278480892,0.9924777135978637
LAO,62T63,1.0040625835548767,0.985950191922173,0.9924777135978637
LAO,64T66,1.0056173014802128,0.9748184106880299,0.9924777135978637
LAO,68,1.0010533149676064,0.974337003313567,0.9924777135978637
LAO,69T75,1.008187946855821,0.9829939937799833,0.9924777135978637
LAO,77T82,1.0065098024094326,0.9849023847298038,0.9924777135978637
LAO,84,0.9925386117690727,0.9804123592823142,0.9924777135978637
LAO,85,0.9979478951385107,0.9791687761359075,0.9924777135978637
LAO,86T88,1.0025104802070801,0.9833411414191819,0.9924777135978637
LAO,90T93,1.008933274803261,0.9825462003536739,0.9924777135978637
LAO,94T98,0.9979158850091886,0.978743916231331,0.9924777135978637
LTU,01T02,0.9235654070226237,1.0095438453278267,1.008085734563143
LTU,03,1.0079302325022543,1.005677560957098,1.008085734563143
LTU,05T06,0.8978596367606,1.0063641725960046,1.008085734563143
LTU,07T08,0.9902241976640446,1.0063220669716326,1.008085734563143
LTU,10T12,1.0087486275932673,1.0118816236373918,1.008085734563143
LTU,13T15,1.0154993849254408,1.0045587788987027,1.008085734563143
LTU,16,1.008055067976597,1.0107845753177895,1.008085734563143
LTU,17T18,1.0090915815947954,1.006122485696306,1.008085734563143
LTU,19,1.0049475308469376,1.0079869448025094,1.008085734563143
LTU,20,0.9002064881923051,1.0138464886166727,1.008085734563143
LTU,21,1.0087291006073844,1.0043646495204943,1.008085734563143
LTU,22,1.0040294824982727,1.0090744533077087,1.008085734563143
LTU,23,0.9825181097976289,1.0063264100185842,1.008085734563143
LTU,24,1.086713233701612,1.0096844047681375,1.008085734563143
LTU,25,1.0170257597259709,1.0063892931225598,1.008085734563143
LTU,26,1.01042881457971,1.0042484346325609,1.008085734563143
LTU,27,1.0123112812616082,1.0069328874296077,1.008085734563143
LTU,28,1.007993937878781,1.0064120614004408,1.008085734563143
LTU,29T30,1.0108751950327346,1.006124050781832,1.008085734563143
LTU,31T33,1.0098724559637173,1.0051379162776284,1.008085734563143
LTU,35,1.0175310907961692,1.0057451451173383,1.008085734563143
LTU,36T39,1.0066171747962471,1.0044082862901789,1.008085734563143
LTU,41T43,1.0072223053406357,1.00476521124807,1.008085734563143
LTU,45T47,1.0031449823128533,1.0026647510131175,1.008085734563143
LTU,49,1.000700275596488,1.0038368340217394,1.008085734563143
LTU,50,0.9999500674316475,1.0033503270096147,1.008085734563143
LTU,51,0.9995467054824843,1.0042323085986584,1.008085734563143
LTU,52,1.001156393535547,1.00314799874882,1.008085734563143
LTU,53,1.005361584852164,1.0025656551194897,1.008085734563143
LTU,55T56,1.0079499812816421,1.0036502569713641,1.008085734563143
LTU,58T60,1.0031834789933152,1.0039533632616828,1.008085734563143
LTU,61,1.0053699334739443,1.002544472017241,1.008085734563143
LTU,62T63,1.0034936252411368,1.0020721145316698,1.008085734563143
LTU,64T66,1.0047558876655258,1.0017857872789573,1.008085734563143
LTU,68,1.004514412786418,1.0031114657242133,1.008085734563143
LTU,69T75,1.0015201205741824,1.002330918400651,1.008085734563143
LTU,77T82,1.0038642286296173,1.0029518501535446,1.008085734563143
LTU,84,1.0075790808778344,1.0022367689089122,1.008085734563143
LTU,85,1.0077001841660644,1.0018680084640819,1.008085734563143
LTU,86T88,1.0078444738349845,1.0024505354190816,1.008085734563143
LTU,90T93,1.0070226670113107,1.002751717721856,1.008085734563143
LTU,94T98,1.006136965818443,1.0026023158447603,1.008085734563143
LVA,01T02,0.9515711535196132,1.0148119590701525,1.0072099836481498
LVA,03,1.0033613377973523,1.005749536005207,1.0072099836481498
LVA,05T06,0.23479424636265275,1.0070233065769798,1.0072099836481498
LVA,07T08,0.9966988550825328,1.004719557131034,1.0072099836481498
LVA,10T12,1.006697098178255,1.0130618483383178,1.0072099836481498
LVA,13T15,1.004201782144543,1.0070263023772779,1.0072099836481498
LVA,16,0.9949899991762388,1.015068698081575,1.0072099836481498
LVA,17T18,1.0116940899432836,1.005099727764743,1.0072099836481498
LVA,19,0.5973955907831979,1.0051680131507241,1.0072099836481498
LVA,20,1.020599239527711,1.011282597540372,1.0072099836481498
LVA,21,1.003621870619047,1.004393253790306,1.0072099836481498
LVA,22,1.0084814327914535,1.0077231569954967,1.0072099836481498
LVA,23,0.9744951934697927,1.006240689826923,1.0072099836481498
LVA,24,1.093777157562999,1.0094365039715696,1.0072099836481498
LVA,25,1.0089802161513555,1.0087655309044614,1.0072099836481498
LVA,26,1.0092846424417448,1.0045825720159554,1.0072099836481498
LVA,27,1.0124558461380908,1.005753056660085,1.0072099836481498
LVA,28,1.0062393682529436,1.0065748302905086,1.0072099836481498
LVA,29T30,1.0032085177325318,1.008984887699472,1.0072099836481498
LVA,31T33,1.0035833889073094,1.0068948620041338,1.0072099836481498
LVA,35,1.000111270466524,1.009566031271652,1.0072099836481498
LVA,36T39,1.0090780318345747,1.0050680491513042,1.0072099836481498
LVA,41T43,1.0061633407220147,1.0068106054854897,1.0072099836481498
LVA,45T47,1.0018786905659072,1.0036296535662317,1.0072099836481498
LVA,49,0.9977768253577523,1.0050280078589393,1.0072099836481498
LVA,50,1.003606350915497,1.0032047743570645,1.0072099836481498
LVA,51,1.0010585414999331,1.0042557352385315,1.0072099836481498
LVA,52,1.0015677503876248,1.0035123751359085,1.0072099836481498
LVA,53,1.0055764060477665,1.0027371367278002,1.0072099836481498
LVA,55T56,1.0070117904201297,1.0048969117169433,1.0072099836481498
LVA,58T60,0.998590666209666,1.002969541149125,1.0072099836481498
LVA,61,1.0064143721923136,1.0026777673871283,1.0072099836481498
LVA,62T63,1.0036005730647208,1.0021438311136714,1.0072099836481498
LVA,64T66,1.0023859190513766,1.002171824113246,1.0072099836481498
LVA,68,1.0055504791641448,1.0032126784074997,1.0072099836481498
LVA,69T75,1.0033421557640114,1.0026786407616146,1.0072099836481498
LVA,77T82,1.0033497469004706,1.0033610839960352,1.0072099836481498
LVA,84,1.0069577396373002,1.0029295010705022,1.0072099836481498
LVA,85,1.0069194217581428,1.0035178532658602,1.0072099836481498
LVA,86T88,1.0070567093761966,1.0038851764599068,1.0072099836481498
LVA,90T93,1.006682416699452,1.0044024761817858,1.0072099836481498
LVA,94T98,1.0066520979308748,1.003930418997359,1.0072099836481498
MAR,01T02,1.0044757296862161,1.0098247893253869,1.012618052590276
MAR,03,1.0107568290951134,1.0058569008634333,1.012618052590276
MAR,05T06,0.981004111281118,1.0087071708467772,1.012618052590276
MAR,07T08,0.9958276292358579,1.0077282631801827,1.012618052590276
MAR,10T12,1.0105399252143437,1.0155140557440243,1.012618052590276
MAR,13T15,1.0044212992109012,1.0084948118631714,1.012618052590276
MAR,16,1.0138909452045743,1.0107305556221438,1.012618052590276
MAR,17T18,1.0048574157673729,1.0093294183590868,1.012618052590276
MAR,19,0.9958666647816241,1.0161502355907603,1.012618052590276
MAR,20,1.0194986326880209,1.0082627163265285,1.012618052590276
MAR,21,1.0070421326408225,1.0078022921157301,1.012618052590276
MAR,22,0.9957747501123019,1.016141146781546,1.012618052590276
MAR,23,0.9122055991386002,1.0188188776385974,1.012618052590276
MAR,24,1.0342729971745905,1.0131787194290123,1.012618052590276
MAR,25,1.0067514289283284,1.0125826775548994,1.012618052590276
MAR,26,1.0047500628264319,1.0099024418308735,1.012618052590276
MAR,27,1.0094236105825416,1.0093724986572714,1.012618052590276
MAR,28,1.0074474414560053,1.010148701463417,1.012618052590276
MAR,29T30,1.0045170161373178,1.010180455385987,1.012618052590276
MAR,31T33,1.0055132821087498,1.008258877666679,1.012618052590276
MAR,35,0.9120025086217102,1.009171425346175,1.012618052590276
MAR,36T39,1.0054176888395563,1.0072920970869548,1.012618052590276
MAR,41T43,1.011916925999122,1.0206284467517348,1.012618052590276
MAR,45T47,1.004191712966496,1.0071468746673804,1.012618052590276
MAR,49,1.0032930143266188,1.0076683557319956,1.012618052590276
MAR,50,0.9991394657905943,1.0070603392714714,1.012618052590276
MAR,51,0.994863076868032,1.0096891770043575,1.012618052590276
MAR,52,1.0047293702529692,1.0069198555337504,1.012618052590276
MAR,53,1.0096918609978838,1.006733165985773,1.012618052590276
MAR,55T56,1.0062510054211289,1.0094939525890085,1.012618052590276
MAR,58T60,0.9951324329449586,1.01073048596876,1.012618052590276
MAR,61,1.007465351911176,1.0082196958112406,1.012618052590276
MAR,62T63,1.0070783534157628,1.0045341853922118,1.012618052590276
MAR,64T66,1.003014675383894,1.0051012864563134,1.012618052590276
MAR,68,1.010003326619188,1.0044561983021922,1.012618052590276
MAR,69T75,1.0066383127171268,1.0046334057290724,1.012618052590276
MAR,77T82,1.0061944316112525,1.0047917410062166,1.012618052590276
MAR,84,1.011881090185433,1.0073909092744624,1.012618052590276
MAR,85,1.0122852839619016,1.006048930701935,1.012618052590276
MAR,86T88,1.0121108476140546,1.0067581510913506,1.012618052590276
MAR,90T93,1.0063827920745538,1.0079593535234956,1.012618052590276
MAR,94T98,1.0092136367261224,1.0059733819164245,1.012618052590276
MEX,01T02,0.9606595328325568,1.0063882854679882,1.006191135433848
MEX,03,1.0058718811328653,1.0053507415491894,1.006191135433848
MEX,05T06,0.9536012349461476,1.0048181922750719,1.006191135433848
MEX,07T08,0.9956401281885578,1.006010250694537,1.006191135433848
MEX,10T12,1.006124138808829,1.0135785473204408,1.006191135433848
MEX,13T15,1.0057943126309643,1.0076310439212222,1.006191135433848
MEX,16,0.9968839496926817,1.014147280618027,1.006191135433848
MEX,17T18,1.004440531175359,1.0077045981798354,1.006191135433848
MEX,19,0.979206501869956,1.0160076657708856,1.006191135433848
MEX,20,0.906101217466275,1.013770528777831,1.006191135433848
MEX,21,1.0007826614516806,1.0095147436349048,1.006191135433848
MEX,22,0.9967276011692243,1.0141345014466154,1.006191135433848
MEX,23,0.9212292935634738,1.018843769438374,1.006191135433848
MEX,24,1.0204899392960027,1.0086502280332497,1.006191135433848
MEX,25,1.0072579576033163,1.0108216733119915,1.006191135433848
MEX,26,1.00756691342665,1.006514949972038,1.006191135433848
MEX,27,1.0089031550269438,1.009381173474235,1.006191135433848
MEX,28,1.008874235384097,1.0063951037002705,1.006191135433848
MEX,29T30,1.0071770460228404,1.007311725026015,1.006191135433848
MEX,31T33,1.0056236679680643,1.0076145477654903,1.006191135433848
MEX,35,0.9251942060755082,1.0047750623449851,1.006191135433848
MEX,36T39,1.0005554523973927,1.01461780564415,1.006191135433848
MEX,41T43,1.0059751440209634,1.0059650439720038,1.006191135433848
MEX,45T47,1.0043639037600207,1.0014027689098761,1.006191135433848
MEX,49,1.002751095244766,1.003970240526825,1.006191135433848
MEX,50,1.0081888572068223,1.0016582897105997,1.006191135433848
MEX,51,1.0044740775704208,1.0072607882703677,1.006191135433848
MEX,52,1.0043193219133735,1.0028149125213506,1.006191135433848
MEX,53,1.0046133032130595,1.0039345182810935,1.006191135433848
MEX,55T56,1.0088732104332765,1.0035273841552645,1.006191135433848
MEX,58T60,1.0064311311387117,1.0032576718304314,1.006191135433848
MEX,61,1.0057989885102239,1.0014789890726616,1.006191135433848
MEX,62T63,1.005956286013546,1.0021907729141781,1.006191135433848
MEX,64T66,1.006434081675426,1.0003485237085503,1.006191135433848
MEX,68,1.0059567052940053,0.9999550626411173,1.006191135433848
MEX,69T75,1.001332332843212,1.0015952425613404,1.006191135433848
MEX,77T82,1.001312377545776,1.0012857073623567,1.006191135433848
MEX,84,1.0061431504723206,1.0031672289440974,1.006191135433848
MEX,85,1.006368450145242,1.001253647319442,1.006191135433848
MEX,86T88,1.006249543661853,1.0031725576048458,1.006191135433848
MEX,90T93,1.006703769765532,1.0024807185671443,1.006191135433848
MEX,94T98,1.0059413451285675,1.0013859685350852,1.006191135433848
MLT,01T02,1.0319975244851183,1.0071426862216104,1.0085665816139047
MLT,03,1.009734735639565,1.005730437521224,1.0085665816139047
MLT,05T06,0.9875572298554738,1.0070120290855513,1.0085665816139047
MLT,07T08,1.0124265847085803,1.0075628364998535,1.0085665816139047
MLT,10T12,1.0194116308839904,1.0087392112579028,1.0085665816139047
MLT,13T15,0.9977830774162375,1.0098553005395134,1.0085665816139047
MLT,16,1.0163018972229287,1.0075044367187538,1.0085665816139047
MLT,17T18,1.0194309679185183,1.0071101699636702,1.0085665816139047
MLT,19,1.0159976336321372,1.0093117351847773,1.0085665816139047
MLT,20,1.029756261373592,1.008691922272449,1.0085665816139047
MLT,21,0.9993168032058328,1.0089004908560528,1.0085665816139047
MLT,22,1.0138367922031282,1.0081375702422013,1.0085665816139047
MLT,23,1.0289928139896853,1.0082624955122435,1.0085665816139047
MLT,24,1.084713181071838,1.0072734217754005,1.0085665816139047
MLT,25,1.0064226378776235,1.008816341233864,1.0085665816139047
MLT,26,1.0043676327729871,1.0098144579076687,1.0085665816139047
MLT,27,1.0133153106514894,1.0068711367727656,1.0085665816139047
MLT,28,1.0071170650793042,1.0083267902914423,1.0085665816139047
MLT,29T30,1.007596068010071,1.007301295920387,1.0085665816139047
MLT,31T33,1.0084878808131628,1.0070144322108083,1.0085665816139047
MLT,35,0.9764432799804271,1.0216302659756225,1.0085665816139047
MLT,36T39,1.0072870303866728,1.0101419842818957,1.0085665816139047
MLT,41T43,1.0078495294513032,1.0075205453408163,1.0085665816139047
MLT,45T47,1.0061117778026265,1.0062622953953742,1.0085665816139047
MLT,49,1.0068353617813572,1.006649272903026,1.0085665816139047
MLT,50,1.0047877182501552,1.0063771357016944,1.0085665816139047
MLT,51,1.0010706807446679,1.0075055313374173,1.0085665816139047
MLT,52,1.0020514115103132,1.007295303420315,1.0085665816139047
MLT,53,1.0040978567917935,1.0064227226562685,1.0085665816139047
MLT,55T56,1.0071227767843172,1.0076705577459533,1.0085665816139047
MLT,58T60,1.0025489322885186,1.005598283665369,1.0085665816139047
MLT,61,1.00396282709777,1.0057350714837119,1.0085665816139047
MLT,62T63,0.9999665912565696,1.0064263799355182,1.0085665816139047
MLT,64T66,1.003513064964549,1.0056809686620485,1.0085665816139047
MLT,68,1.005659464474948,1.0065871855672326,1.0085665816139047
MLT,69T75,1.0028157040277246,1.0058409771344377,1.0085665816139047
MLT,77T82,1.003800695143435,1.0059218436955653,1.0085665816139047
MLT,84,1.0078839199924565,1.0061435253744317,1.0085665816139047
MLT,85,1.0077130440931625,1.0060697147024769,1.0085665816139047
MLT,86T88,1.008098130192044,1.0071336341474582,1.0085665816139047
MLT,90T93,1.0054484286223784,1.0050499300870146,1.0085665816139047
MLT,94T98,1.0067455685792188,1.0069265695903555,1.0085665816139047
MMR,01T02,0.8601093522666541,1.0198049175368826,1.004989001905775
MMR,03,1.0021369610630046,0.9658175302674514,1.004989001905775
MMR,05T06,0.9482622759712747,0.9842478025880058,1.004989001905775
MMR,07T08,1.0587366537014682,0.9853175097848356,1.004989001905775
MMR,10T12,0.963609230803456,1.0340127579841971,1.004989001905775
MMR,13T15,1.0353872782986755,0.9972864743411413,1.004989001905775
MMR,16,1.006378223042485,1.0112295394071789,1.004989001905775
MMR,17T18,1.0242466262645906,0.9942324185941427,1.004989001905775
MMR,19,0.999249010390575,0.9979929526362877,1.004989001905775
MMR,20,1.0070711724491272,1.0094479084610046,1.004989001905775
MMR,21,1.0027748308186257,1.0051426196086952,1.004989001905775
MMR,22,1.017803952438106,1.0071980559406277,1.004989001905775
MMR,23,0.9976951950225966,0.9882596286645626,1.004989001905775
MMR,24,1.1849083794986965,0.989114722909454,1.004989001905775
MMR,25,1.0436700126461609,0.9903443702081595,1.004989001905775
MMR,26,1.0165670203129729,0.9875159667896979,1.004989001905775
MMR,27,1.0355624228814964,0.9905257984910861,1.004989001905775
MMR,28,1.033276411905522,0.9883535903498906,1.004989001905775
MMR,29T30,1.0384633991820769,0.9878782562792916,1.004989001905775
MMR,31T33,1.0213839808541547,0.991175518043008,1.004989001905775
MMR,35,0.8222692710117849,1.0080696687944963,1.004989001905775
MMR,36T39,1.0097659069377047,0.9890318688561713,1.004989001905775
MMR,41T43,1.0048489622215562,0.9920109084935286,1.004989001905775
MMR,45T47,0.9931632306261339,0.9939196323054701,1.004989001905775
MMR,49,1.0007843864522903,0.9839508644819115,1.004989001905775
MMR,50,1.02935845632321,0.9870164209484807,1.004989001905775
MMR,51,1.0180892982568974,0.9887694414801502,1.004989001905775
MMR,52,1.0096024863032553,0.9846896249527518,1.004989001905775
MMR,53,1.0181243959601027,0.9772499684163307,1.004989001905775
MMR,55T56,1.0111505982298823,0.9994039714285724,1.004989001905775
MMR,58T60,1.0428848191029814,0.9846076186652841,1.004989001905775
MMR,61,1.0153576789950112,0.97396674418804,1.004989001905775
MMR,62T63,1.0635690522039287,0.9780630017215818,1.004989001905775
MMR,64T66,1.0073604381970243,0.9724902914817465,1.004989001905775
MMR,68,1.0118398911328799,0.9750756741756792,1.004989001905775
MMR,69T75,1.0469188668041876,0.9812806375257866,1.004989001905775
MMR,77T82,1.0190481318295825,0.984963785817216,1.004989001905775
MMR,84,1.0051223713442723,0.9868422744483185,1.004989001905775
MMR,85,1.0057752581607036,0.9882746568020704,1.004989001905775
MMR,86T88,1.0053844579338194,0.9905834535124318,1.004989001905775
MMR,90T93,1.0070429883351342,1.0003945279250481,1.004989001905775
MMR,94T98,1.006285623856205,0.9963673230201922,1.004989001905775
NLD,01T02,1.036774138029105,1.0117720156925734,1.009907573280694
NLD,03,1.0063921584300408,1.0073295023921123,1.009907573280694
NLD,05T06,0.983222690766368,1.0107240490349911,1.009907573280694
NLD,07T08,0.9945821568965805,1.0126712510878484,1.009907573280694
NLD,10T12,1.010621939295829,1.0133966870604738,1.009907573280694
NLD,13T15,0.9972689247401387,1.0102277449552495,1.009907573280694
NLD,16,1.0176464881896554,1.008800741494153,1.009907573280694
NLD,17T18,1.0084316624351797,1.0079123725006232,1.009907573280694
NLD,19,0.9980368168149659,1.0126885269314931,1.009907573280694
NLD,20,0.9890850443681636,1.0115852824890947,1.009907573280694
NLD,21,1.0069537816533165,1.0070255348165196,1.009907573280694
NLD,22,1.0066913005616498,1.010150874516605,1.009907573280694
NLD,23,1.0233897205491316,1.0093819328496012,1.009907573280694
NLD,24,0.9933984434344362,1.0134958414321305,1.009907573280694
NLD,25,1.0096489046737505,1.0102166718240635,1.009907573280694
NLD,26,1.0087981732614544,1.0065569645184846,1.009907573280694
NLD,27,1.0117750123608378,1.0081169493144717,1.009907573280694
NLD,28,1.0092371246684926,1.0078198720843823,1.009907573280694
NLD,29T30,1.008373092238763,1.0079935468902854,1.009907573280694
NLD,31T33,1.0047232871864147,1.0077366359341464,1.009907573280694
NLD,35,0.9524443003274369,1.0118682222763786,1.009907573280694
NLD,36T39,1.0077850741704673,1.0074438997012214,1.009907573280694
NLD,41T43,1.008458063415525,1.008371651660782,1.009907573280694
NLD,45T47,1.004938265171747,1.0064786998100084,1.009907573280694
NLD,49,1.0038636073900191,1.0071397560624586,1.009907573280694
NLD,50,1.0004296739588767,1.0068573459958183,1.009907573280694
NLD,51,1.0006443685505628,1.0076521990325344,1.009907573280694
NLD,52,1.0028644546329595,1.0066372585990508,1.009907573280694
NLD,53,1.004075294135316,1.005830261143967,1.009907573280694
NLD,55T56,1.0078218737714773,1.0081562967398017,1.009907573280694
NLD,58T60,1.0023018088491247,1.0061207356044455,1.009907573280694
NLD,61,1.0043347565074527,1.0065447849135933,1.009907573280694
NLD,62T63,1.002595965810748,1.006011468739823,1.009907573280694
NLD,64T66,1.006089578725382,1.0059405995272663,1.009907573280694
NLD,68,1.0088736730501064,1.006456710239461,1.009907573280694
NLD,69T75,1.0025760540247746,1.0062365567169467,1.009907573280694
NLD,77T82,1.0029776382216793,1.0062306729012043,1.009907573280694
NLD,84,1.0092803897124765,1.0064410206796328,1.009907573280694
NLD,85,1.00917692427434,1.0063118433365494,1.009907573280694
NLD,86T88,1.009720358471137,1.0065110505162302,1.009907573280694
NLD,90T93,1.0075091688716833,1.0076393768667917,1.009907573280694
NLD,94T98,1.0084960522265685,1.0072268569138194,1.009907573280694
NOR,01T02,1.003038456211193,1.008038632612002,1.0052591140541616
NOR,03,1.0067936522691272,1.0055921085026138,1.0052591140541616
NOR,05T06,0.994819616165104,1.004630064056708,1.0052591140541616
NOR,07T08,1.0023128672257824,1.006435915105333,1.0052591140541616
NOR,10T12,1.0103985605345196,1.0103990182277407,1.0052591140541616
NOR,13T15,1.0112781089043095,1.0059187820746298,1.0052591140541616
NOR,16,1.01682885178706,1.008399337468483,1.0052591140541616
NOR,17T18,1.0087681872949188,1.0072817389291757,1.0052591140541616
NOR,19,0.9943723934657945,1.010311282973774,1.0052591140541616
NOR,20,0.9818703089467481,1.0075671622312161,1.0052591140541616
NOR,21,1.008800908688934,1.0051390122261152,1.0052591140541616
NOR,22,1.011447126158554,1.0077064731438619,1.0052591140541616
NOR,23,1.008276354629887,1.0078090188403233,1.0052591140541616
NOR,24,1.0014507244496935,1.0125204293373797,1.0052591140541616
NOR,25,1.0090850626337253,1.009249799947318,1.0052591140541616
NOR,26,1.0077540977963315,1.0053968270938924,1.0052591140541616
NOR,27,1.0096451931942385,1.0078480359643667,1.0052591140541616
NOR,28,1.0073334684477413,1.0068314631709383,1.0052591140541616
NOR,29T30,1.00644847391867,1.0074155111301528,1.0052591140541616
NOR,31T33,1.0050278759605054,1.0062295358035565,1.0052591140541616
NOR,35,1.0135687025823643,1.0041710158567991,1.0052591140541616
NOR,36T39,1.0045683488696202,1.0051080057190769,1.0052591140541616
NOR,41T43,1.0052440344358282,1.0059089438923943,1.0052591140541616
NOR,45T47,1.0048898169368774,1.0044742371075708,1.0052591140541616
NOR,49,1.0057083129264823,1.0045443931309115,1.0052591140541616
NOR,50,1.0038820501091927,1.005608859599799,1.0052591140541616
NOR,51,1.0020654956154724,1.0059920085366894,1.0052591140541616
NOR,52,1.0040107109630705,1.0054687275040965,1.0052591140541616
NOR,53,1.0053052401019833,1.0044638466431004,1.0052591140541616
NOR,55T56,1.0070294548404741,1.0056178599732732,1.0052591140541616
NOR,58T60,1.004796760200349,1.0043974584584792,1.0052591140541616
NOR,61,1.005684385344155,1.0040519133688472,1.0052591140541616
NOR,62T63,1.004390166904391,1.0040129953971955,1.0052591140541616
NOR,64T66,1.0039850376656025,1.0035997150907083,1.0052591140541616
NOR,68,1.0052029782213288,1.004046791457022,1.0052591140541616
NOR,69T75,1.0021218733463266,1.0041836998201477,1.0052591140541616
NOR,77T82,1.0037838219739998,1.0045533799356652,1.0052591140541616
NOR,84,1.0051815519553795,1.0041679833603563,1.0052591140541616
NOR,85,1.0053398511341838,1.0037127773819312,1.0052591140541616
NOR,86T88,1.0052841766096468,1.003864414801944,1.0052591140541616
NOR,90T93,1.005385089988325,1.004635584309709,1.0052591140541616
NOR,94T98,1.0052429665828997,1.0042889460472644,1.0052591140541616
NZL,01T02,0.941557780453849,1.0108056618283785,1.0051081882062336
NZL,03,0.9968166482580132,1.0037350609139266,1.0051081882062336
NZL,05T06,0.9706949352661186,1.0061752410404572,1.0051081882062336
NZL,07T08,0.9985264223790977,1.0001753061097454,1.0051081882062336
NZL,10T12,0.9956959197710057,1.0205012606711623,1.0051081882062336
NZL,13T15,1.0058221615034133,1.0082426976330563,1.0051081882062336
NZL,16,1.0054257333247152,1.011121824823455,1.0051081882062336
NZL,17T18,1.0022783468025154,1.0074165188097028,1.0051081882062336
NZL,19,1.0024142176524036,1.011005430736703,1.0051081882062336
NZL,20,0.9655974946731277,1.0082754628585833,1.0051081882062336
NZL,21,0.9976233174911378,1.0059289924183226,1.0051081882062336
NZL,22,1.008198077031463,1.0056990809019493,1.0051081882062336
NZL,23,1.0161605966640703,1.0043422257109837,1.0051081882062336
NZL,24,0.9921420418846307,1.0059074818790792,1.0051081882062336
NZL,25,1.0100088879086393,1.0073789980426058,1.0051081882062336
NZL,26,1.0082759610176253,1.0039556383879322,1.0051081882062336
NZL,27,1.0172747183301143,1.0041700347329054,1.0051081882062336
NZL,28,1.0071306582446846,1.0063778832409263,1.0051081882062336
NZL,29T30,1.0152270258826186,1.0033881985935418,1.0051081882062336
NZL,31T33,1.0147773599186691,1.0034746303090922,1.0051081882062336
NZL,35,0.9926850600067973,1.0057520653698868,1.0051081882062336
NZL,36T39,1.0004608582705807,1.0010679255692465,1.0051081882062336
NZL,41T43,1.0040240770486757,1.0037567850683728,1.0051081882062336
NZL,45T47,1.0023570784842186,1.001589418825513,1.0051081882062336
NZL,49,1.0015850877431942,1.0029468525222263,1.0051081882062336
NZL,50,1.0017702164248745,1.0033732260081736,1.0051081882062336
NZL,51,1.005846554827801,1.0034649547988839,1.0051081882062336
NZL,52,1.0023996386412168,1.0008495482187951,1.0051081882062336
NZL,53,1.0028116625160073,1.0014756335677495,1.0051081882062336
NZL,55T56,1.0080190903660817,1.0039035742931466,1.0051081882062336
NZL,58T60,1.005577180755696,1.0014893782564718,1.0051081882062336
NZL,61,1.0050988269704948,1.0010526336416734,1.0051081882062336
NZL,62T63,1.0050879616027493,1.0002827130573266,1.0051081882062336
NZL,64T66,1.0015269462991394,1.0001083739515346,1.0051081882062336
NZL,68,1.0039320295599397,1.0004727000583096,1.0051081882062336
NZL,69T75,1.0011525717874956,1.001175948565171,1.0051081882062336
NZL,77T82,1.000394031776431,1.0012915335178338,1.0051081882062336
NZL,84,1.004692547083862,1.0012729829405542,1.0051081882062336
NZL,85,1.0048640583919137,1.000435422805202,1.0051081882062336
NZL,86T88,1.0050936197488403,1.001507476447293,1.0051081882062336
NZL,90T93,1.0048393440302883,1.0019564871557582,1.0051081882062336
NZL,94T98,1.0033737795913868,1.0008865468002246,1.0051081882062336
PER,01T02,0.8424437492709365,1.010317864303711,1.0128889217792596
PER,03,1.007765718122697,1.0046070032692136,1.0128889217792596
PER,05T06,0.9885907432013391,1.0050258726783925,1.0128889217792596
PER,07T08,1.0151873052817382,1.0034264423222752,1.0128889217792596
PER,10T12,1.0039142103598726,1.033388221238344,1.0128889217792596
PER,13T15,1.0060772110187466,1.0108933713777128,1.0128889217792596
PER,16,0.9924438795767244,1.0196484880767194,1.0128889217792596
PER,17T18,1.0130602506953903,1.003731188697906,1.0128889217792596
PER,19,1.0120363952602756,1.0128891505646096,1.0128889217792596
PER,20,1.0288847621865926,1.0062163512766404,1.0128889217792596
PER,21,1.0123316995359388,1.0045171302420433,1.0128889217792596
PER,22,1.0135816130984368,1.0070151750619405,1.0128889217792596
PER,23,1.0153727079043697,1.0084960014689035,1.0128889217792596
PER,24,1.1110576514204635,1.0075747495194922,1.0128889217792596
PER,25,1.020839650040744,1.0052279535792106,1.0128889217792596
PER,26,1.0150595801144338,1.0044166835148078,1.0128889217792596
PER,27,1.0209375641510898,1.0048672208940008,1.0128889217792596
PER,28,1.0159827883829644,1.004553976392291,1.0128889217792596
PER,29T30,1.0180034768276995,1.0036849121749554,1.0128889217792596
PER,31T33,1.0076540212848057,1.0090301404664745,1.0128889217792596
PER,35,0.9867504018199836,1.006129519298454,1.0128889217792596
PER,36T39,1.0181757182693294,1.0035622329474045,1.0128889217792596
PER,41T43,1.0129582726880655,1.0063010432819546,1.0128889217792596
PER,45T47,1.0091287736213392,1.002074197353784,1.0128889217792596
PER,49,1.011073887371805,1.0042580273919306,1.0128889217792596
PER,50,1.0047294432332772,1.0046297439094947,1.0128889217792596
PER,51,1.005919345389847,1.0066294977444814,1.0128889217792596
PER,52,1.008746597828878,1.0038251003253351,1.0128889217792596
PER,53,1.0101932483966825,1.0033011807210659,1.0128889217792596
PER,55T56,1.0106183346525326,1.011869134172125,1.0128889217792596
PER,58T60,1.0153421148591146,1.002099437012469,1.0128889217792596
PER,61,1.0136807149775582,1.002266384203139,1.0128889217792596
PER,62T63,1.0153313740138794,1.0015377503121652,1.0128889217792596
PER,64T66,1.016643857153332,1.0014181884899298,1.0128889217792596
PER,68,1.0127766584962554,1.001238372128006,1.0128889217792596
PER,69T75,1.0140456754027014,1.0021158995480985,1.0128889217792596
PER,77T82,1.0177548206871831,1.0017688894340768,1.0128889217792596
PER,84,1.0127038772912749,1.0032437712484357,1.0128889217792596
PER,85,1.0129619068801707,1.0012806022073348,1.0128889217792596
PER,86T88,1.012856384713802,1.001990528576829,1.0128889217792596
PER,90T93,1.0121736585909296,1.005562120303843,1.0128889217792596
PER,94T98,1.0130580260150472,1.0018940592003822,1.0128889217792596
PHL,01T02,0.9867867716480319,1.0074309726086073,1.0105510064199392
PHL,03,1.0088244806786173,1.0051823192608718,1.0105510064199392
PHL,05T06,0.925799101299074,1.0051813061531307,1.0105510064199392
PHL,07T08,1.0227723415529706,1.0054756325643193,1.0105510064199392
PHL,10T12,1.010688165015312,1.0132166674143508,1.0105510064199392
PHL,13T15,1.0105402200363653,1.0080113801864674,1.0105510064199392
PHL,16,1.0092974199606568,1.0121114675269582,1.0105510064199392
PHL,17T18,1.0002987818608802,1.0113238883180835,1.0105510064199392
PHL,19,1.0008673082631965,1.0125191072756912,1.0105510064199392
PHL,20,1.0194676114453147,1.0097131362794844,1.0105510064199392
PHL,21,1.0008609762830611,1.0107335173208438,1.0105510064199392
PHL,22,1.0119797921254168,1.0114198803006131,1.0105510064199392
PHL,23,0.9260413265232659,1.0128336182242335,1.0105510064199392
PHL,24,1.0606954771098671,1.0108743555419852,1.0105510064199392
PHL,25,1.012594713688537,1.014910537940809,1.0105510064199392
PHL,26,1.0060604248633351,1.0095507038970306,1.0105510064199392
PHL,27,1.0127228600337805,1.0090077343422688,1.0105510064199392
PHL,28,1.006256167229644,1.0102850907090242,1.0105510064199392
PHL,29T30,1.0045111625204723,1.0101630413192784,1.0105510064199392
PHL,31T33,1.0031688290138177,1.0101265945352367,1.0105510064199392
PHL,35,0.9439162710647252,1.0115901196776818,1.0105510064199392
PHL,36T39,1.0083650416134133,1.0090939594708335,1.0105510064199392
PHL,41T43,1.0095452241906806,1.0139907435472395,1.0105510064199392
PHL,45T47,1.004963116743444,1.007487641899671,1.0105510064199392
PHL,49,1.0038670642225047,1.009086637993126,1.0105510064199392
PHL,50,1.007363402629832,1.0071700693405272,1.0105510064199392
PHL,51,1.0056671783668705,1.0076076754029204,1.0105510064199392
PHL,52,1.0047813763792817,1.0072862057180896,1.0105510064199392
PHL,53,1.0085852463406857,1.0063595875364153,1.0105510064199392
PHL,55T56,1.0075887764449338,1.0108812627379522,1.0105510064199392
PHL,58T60,0.9976088657634598,1.0086163502089087,1.0105510064199392
PHL,61,1.0083398200466334,1.0060543325818594,1.0105510064199392
PHL,62T63,0.998281265776924,1.006705944185945,1.0105510064199392
PHL,64T66,1.0057941711306861,1.004314043087497,1.0105510064199392
PHL,68,1.0092583783174147,1.0053211565787696,1.0105510064199392
PHL,69T75,1.002336620144927,1.0061773093060546,1.0105510064199392
PHL,77T82,1.0035176698029242,1.0062360354591564,1.0105510064199392
PHL,84,1.0103328618367309,1.0046124839572825,1.0105510064199392
PHL,85,1.0091771273432164,1.0051583817878338,1.0105510064199392
PHL,86T88,1.0093461654495226,1.0082427965144143,1.0105510064199392
PHL,90T93,1.0071281236184784,1.0078767370326631,1.0105510064199392
PHL,94T98,1.0096926329069174,1.0070193963165521,1.0105510064199392
POL,01T02,0.9706212658200172,1.0126579460081833,1.0106966523250138
POL,03,1.00580141411727,1.00623004850045,1.0106966523250138
POL,05T06,0.8871072675723737,1.007084096994623,1.0106966523250138
POL,07T08,0.9816701615857296,1.0114820321325892,1.0106966523250138
POL,10T12,1.006517281326368,1.0141762382040376,1.0106966523250138
POL,13T15,1.0095795681228579,1.0067558613937786,1.0106966523250138
POL,16,1.0051749540015795,1.011888511101935,1.0106966523250138
POL,17T18,1.0064318073701595,1.0081635828804592,1.0106966523250138
POL,19,0.9873905218398447,1.0115145578290734,1.0106966523250138
POL,20,0.964297222906863,1.0122026326420166,1.0106966523250138
POL,21,1.0130311504392309,1.003717110808057,1.0106966523250138
POL,22,1.0051726746509948,1.0101910328446504,1.0106966523250138
POL,23,0.9760585597304166,1.013375429448747,1.0106966523250138
POL,24,0.9816929591850192,1.0183919580197551,1.0106966523250138
POL,25,1.0073285636139229,1.0102288244299613,1.0106966523250138
POL,26,1.0073950712623865,1.0075090426834612,1.0106966523250138
POL,27,1.008325480236361,1.009445925789469,1.0106966523250138
POL,28,1.0056214928995622,1.0088335884676813,1.0106966523250138
POL,29T30,1.0079581565054407,1.00794120759345,1.0106966523250138
POL,31T33,1.0069535221488088,1.0070968014382555,1.0106966523250138
POL,35,0.9134002895464658,1.0123405051628358,1.0106966523250138
POL,36T39,1.0032786655486468,1.0081151656775516,1.0106966523250138
POL,41T43,1.004640771133272,1.007503952837417,1.0106966523250138
POL,45T47,1.0051002575425698,1.004509583193646,1.0106966523250138
POL,49,1.0010356905347082,1.0067934282086315,1.0106966523250138
POL,50,1.0022369445210553,1.0055239886646579,1.0106966523250138
POL,51,1.0042452213588402,1.0058829350734695,1.0106966523250138
POL,52,1.0023550899384492,1.006611983340538,1.0106966523250138
POL,53,1.0075327923702748,1.0050879236865338,1.0106966523250138
POL,55T56,1.00866369054898,1.007351528567875,1.0106966523250138
POL,58T60,1.0093505283215387,1.0039034919461216,1.0106966523250138
POL,61,1.0081740171819966,1.0042806147469612,1.0106966523250138
POL,62T63,1.0080930870233682,1.0027186071525525,1.0106966523250138
POL,64T66,1.0070506550033773,1.0031323022315615,1.0106966523250138
POL,68,1.0066473032982002,1.0142161271561594,1.0106966523250138
POL,69T75,1.006584044424401,1.0033543421002846,1.0106966523250138
POL,77T82,1.00508541477667,1.0047727811036422,1.0106966523250138
POL,84,1.0103068152903012,1.0031555154388037,1.0106966523250138
POL,85,1.0103079202427818,1.0040001841407378,1.0106966523250138
POL,86T88,1.010388904059809,1.00499546897932,1.0106966523250138
POL,90T93,1.009370673233415,1.007230476869645,1.0106966523250138
POL,94T98,1.0085102203332863,1.004641409045167,1.0106966523250138
PRT,01T02,1.0126414759106006,1.011299651295326,1.0098350420978681
PRT,03,1.0077659608826113,1.00759451244793,1.0098350420978681
PRT,05T06,0.7527052180569906,1.0116430411045207,1.0098350420978681
PRT,07T08,0.994020625223771,1.010309830105945,1.0098350420978681
PRT,10T12,1.0088356484670187,1.014548642662599,1.0098350420978681
PRT,13T15,1.0064420198056743,1.0078101560034778,1.0098350420978681
PRT,16,1.0011136851868943,1.0128207225052004,1.0098350420978681
PRT,17T18,0.998841770426793,1.0117225065768651,1.0098350420978681
PRT,19,0.994788600885207,1.0154988726586263,1.0098350420978681
PRT,20,0.995219752807152,1.013034785508408,1.0098350420978681
PRT,21,1.002155348291923,1.0085319661792205,1.0098350420978681
PRT,22,1.0040708643067533,1.0110059220545895,1.0098350420978681
PRT,23,0.9780345724471408,1.0125085401217844,1.0098350420978681
PRT,24,1.0369233607773742,1.013823680451402,1.0098350420978681
PRT,25,1.0075843076829,1.010444655113907,1.0098350420978681
PRT,26,1.006472355446732,1.0080552711913633,1.0098350420978681
PRT,27,1.0063212620625248,1.0106712122799493,1.0098350420978681
PRT,28,1.0044968550410815,1.0101473232989109,1.0098350420978681
PRT,29T30,1.0067584538037133,1.0088790175194502,1.0098350420978681
PRT,31T33,1.0037387130919142,1.0086191246275238,1.0098350420978681
PRT,35,0.9761165883631361,1.0223823565814465,1.0098350420978681
PRT,36T39,1.013079932926072,1.009132513010095,1.0098350420978681
PRT,41T43,1.0089176325479627,1.010475526509454,1.0098350420978681
PRT,45T47,1.0049351330906393,1.0072373020341074,1.0098350420978681
PRT,49,1.0008981765982772,1.0087112045141116,1.0098350420978681
PRT,50,0.9959793804000182,1.0079362256381934,1.0098350420978681
PRT,51,0.9964406132658405,1.008705900992974,1.0098350420978681
PRT,52,1.00213588895589,1.006911341416435,1.0098350420978681
PRT,53,1.0044611453840555,1.0060805352510274,1.0098350420978681
PRT,55T56,1.0063056266393988,1.0088215750034324,1.0098350420978681
PRT,58T60,1.0035580997346627,1.0068703763794637,1.0098350420978681
PRT,61,1.0063604314562784,1.006756208088639,1.0098350420978681
PRT,62T63,1.004122920133411,1.0062425427381967,1.0098350420978681
PRT,64T66,1.006432365264303,1.0059656681030889,1.0098350420978681
PRT,68,1.0091483134969814,1.0060316722367162,1.0098350420978681
PRT,69T75,1.004185985623312,1.0065232654990701,1.0098350420978681
PRT,77T82,1.0046404091623446,1.0065479199983471,1.0098350420978681
PRT,84,1.0092368020307725,1.0069450840968588,1.0098350420978681
PRT,85,1.0095060526732356,1.006213488197429,1.0098350420978681
PRT,86T88,1.0095366538197352,1.0073186454109444,1.0098350420978681
PRT,90T93,1.0078590086343835,1.0073689240040398,1.0098350420978681
PRT,94T98,1.008969553260087,1.0071861972154177,1.0098350420978681
ROU,01T02,0.9954055409462171,1.0110448245835664,1.0092841854083714
ROU,03,1.009186692638068,1.008302059434767,1.0092841854083714
ROU,05T06,0.9494187293194336,1.0085307722486971,1.0092841854083714
ROU,07T08,0.9650552973239621,1.008346240297747,1.0092841854083714
ROU,10T12,1.010074449842337,1.0120729311535028,1.0092841854083714
ROU,13T15,1.0105417335431102,1.0067127118646295,1.0092841854083714
ROU,16,1.0051472039800615,1.0117605716850906,1.0092841854083714
ROU,17T18,1.005034516803986,1.0084712768256863,1.0092841854083714
ROU,19,0.9952718518908521,1.013043866021139,1.0092841854083714
ROU,20,0.8923800093606483,1.0137641369683998,1.0092841854083714
ROU,21,1.002082087337266,1.007728258667674,1.0092841854083714
ROU,22,1.0032424778489548,1.0106854366264102,1.0092841854083714
ROU,23,0.9503885292225124,1.0107562147511056,1.0092841854083714
ROU,24,0.9810672043101041,1.0127092748969015,1.0092841854083714
ROU,25,1.0008566757264998,1.0100490606453365,1.0092841854083714
ROU,26,1.007148085943588,1.0078937365179967,1.0092841854083714
ROU,27,1.0087408277856331,1.0089698182879305,1.0092841854083714
ROU,28,1.0044053059153337,1.0102591937872438,1.0092841854083714
ROU,29T30,1.005501233456048,1.008911050636071,1.0092841854083714
ROU,31T33,1.0061862363613563,1.0076596943434357,1.0092841854083714
ROU,35,0.9709181287654362,1.0139608938269147,1.0092841854083714
ROU,36T39,1.0076954116194223,1.0079382508460997,1.0092841854083714
ROU,41T43,1.0079116067215677,1.0118954463403198,1.0092841854083714
ROU,45T47,1.0039278535187977,1.0061607663539767,1.0092841854083714
ROU,49,1.0021785424062812,1.006852854205376,1.0092841854083714
ROU,50,1.0054427741262533,1.0051941623007412,1.0092841854083714
ROU,51,1.0052234110613705,1.006941225495146,1.0092841854083714
ROU,52,1.0026020844276344,1.0061157634624018,1.0092841854083714
ROU,53,1.0041740777191257,1.0060446906477627,1.0092841854083714
ROU,55T56,1.0074174693948579,1.0063247422071881,1.0092841854083714
ROU,58T60,1.006909331200506,1.0050827305506496,1.0092841854083714
ROU,61,1.005807996032519,1.0063187446476785,1.0092841854083714
ROU,62T63,1.0038627649468916,1.0046577255782245,1.0092841854083714
ROU,64T66,1.0037398683111856,1.004190036750731,1.0092841854083714
ROU,68,1.0081632961762945,1.003881926091641,1.0092841854083714
ROU,69T75,1.00412785373468,1.0056985004624648,1.0092841854083714
ROU,77T82,1.0044943391020937,1.0055436245818017,1.0092841854083714
ROU,84,1.008792005544915,1.0036501944807734,1.0092841854083714
ROU,85,1.0081213634210746,1.0038744858010928,1.0092841854083714
ROU,86T88,1.0087665937135646,1.0047411670305282,1.0092841854083714
ROU,90T93,1.0085822927034804,1.0055478903638966,1.0092841854083714
ROU,94T98,1.007612873022236,1.0055813172255352,1.0092841854083714
ROW,01T02,0.917387611541948,1.0044211694778793,1.004116614234023
ROW,03,1.004496402172664,0.9923603380545198,1.004116614234023
ROW,05T06,0.9485085138685269,0.9958580162734264,1.004116614234023
ROW,07T08,1.001697038108026,0.9940465907934898,1.004116614234023
ROW,10T12,0.9984490355998729,1.018152234857748,1.004116614234023
ROW,13T15,1.0246923893828526,0.9983895573052407,1.004116614234023
ROW,16,1.0086056283050273,1.0086978732814837,1.004116614234023
ROW,17T18,1.008844881953415,1.0034143207389092,1.004116614234023
ROW,19,0.9916116200735327,1.0067533540954807,1.004116614234023
ROW,20,0.9582503944354799,1.0065457943493146,1.004116614234023
ROW,21,1.0166120662099547,0.9975634654723129,1.004116614234023
ROW,22,1.008572272173249,1.006629544649342,1.004116614234023
ROW,23,0.9482617223011407,1.004425051815648,1.004116614234023
ROW,24,1.03952195565672,1.0072088780275044,1.004116614234023
ROW,25,1.0203049695676045,1.0031734876746783,1.004116614234023
ROW,26,1.0128093805927803,0.9989076128614088,1.004116614234023
ROW,27,1.0160930286554786,1.0028393581409822,1.004116614234023
ROW,28,1.014274203853064,1.0006213487830504,1.004116614234023
ROW,29T30,1.0205361594000726,0.9989280614299269,1.004116614234023
ROW,31T33,1.0217408202568183,0.9988550290549871,1.004116614234023
ROW,35,0.9097493354737763,1.0094025295673468,1.004116614234023
ROW,36T39,1.0026828315794618,0.9969138565776854,1.004116614234023
ROW,41T43,1.00349455185576,1.0007816803811422,1.004116614234023
ROW,45T47,1.0046075557091736,0.9936405427095795,1.004116614234023
ROW,49,1.0080114179570596,0.9951554005974785,1.004116614234023
ROW,50,1.0180581998948801,0.994946407487809,1.004116614234023
ROW,51,1.01711529594937,0.9971202390749718,1.004116614234023
ROW,52,1.0111003830833027,0.994118262068067,1.004116614234023
ROW,53,1.0101550532915,0.9924477459612853,1.004116614234023
ROW,55T56,1.0090083292925254,1.0015617810034723,1.004116614234023
ROW,58T60,1.0179091780733824,0.9929078281731444,1.004116614234023
ROW,61,1.0063983212644896,0.9919339517840796,1.004116614234023
ROW,62T63,1.0198279372096433,0.9903689751483361,1.004116614234023
ROW,64T66,1.0113441375016183,0.9896943775216926,1.004116614234023
ROW,68,1.0061410450217143,0.9895413125775069,1.004116614234023
ROW,69T75,1.013415483618582,0.990741278576638,1.004116614234023
ROW,77T82,1.0096337728884015,0.9915451630060269,1.004116614234023
ROW,84,1.0041250494133418,0.9928879401424179,1.004116614234023
ROW,85,1.0047280858071423,0.9925561514024354,1.004116614234023
ROW,86T88,1.0045562764414913,0.9936929445653375,1.004116614234023
ROW,90T93,1.0082036001970645,0.9950157498257862,1.004116614234023
ROW,94T98,1.0050185181287092,0.993692006895253,1.004116614234023
RUS,01T02,0.9814593182734415,0.9984326898604794,0.9960670713727166
RUS,03,1.008923216843126,0.9904332069683359,0.9960670713727166
RUS,05T06,0.9529755204967706,0.9895509545870449,0.9960670713727166
RUS,07T08,0.9715659129507124,0.9935066603998973,0.9960670713727166
RUS,10T12,1.003814280899003,1.0046635856279158,0.9960670713727166
RUS,13T15,1.02996761097913,0.996021274290716,0.9960670713727166
RUS,16,1.017162164776045,1.0035479776262948,0.9960670713727166
RUS,17T18,1.0069899623195828,1.0011124955263058,0.9960670713727166
RUS,19,0.9794876143472362,0.9970106230884458,0.9960670713727166
RUS,20,0.9035023926785432,1.0073074857097783,0.9960670713727166
RUS,21,1.0138131760387277,0.9948648314492526,0.9960670713727166
RUS,22,0.9914156846294084,1.0115161232954455,0.9960670713727166
RUS,23,0.929453609895135,1.0129042829819008,0.9960670713727166
RUS,24,0.888997600499452,1.0127659053077542,0.9960670713727166
RUS,25,0.9936202077709574,1.0103227315554446,0.9960670713727166
RUS,26,1.0063339653817722,0.9963431250395417,0.9960670713727166
RUS,27,0.9938153343531654,1.0092824232235813,0.9960670713727166
RUS,28,0.9939114873318109,1.0063747858928072,0.9960670713727166
RUS,29T30,1.0039939827675874,1.001098443298922,0.9960670713727166
RUS,31T33,0.9954687211225055,0.9992377951728649,0.9960670713727166
RUS,35,0.868577030387286,1.0275258964130554,0.9960670713727166
RUS,36T39,0.960729099342757,1.0101520647924025,0.9960670713727166
RUS,41T43,0.9934699389502201,0.9997444078637872,0.9960670713727166
RUS,45T47,0.9975998723506008,0.9888817495429788,0.9960670713727166
RUS,49,0.9884682631408827,0.9948056427828651,0.9960670713727166
RUS,50,1.0184134554840782,0.9915884590130243,0.9960670713727166
RUS,51,1.0156618340169603,0.99472086396882,0.9960670713727166
RUS,52,0.9923852139171251,0.992278832663235,0.9960670713727166
RUS,53,1.0023675403043923,0.9892676850925143,0.9960670713727166
RUS,55T56,1.0085546667595224,0.994162257538758,0.9960670713727166
RUS,58T60,1.0237963712623213,0.9895473810098412,0.9960670713727166
RUS,61,1.000486498098652,0.9904376069349713,0.9960670713727166
RUS,62T63,1.0157448791962402,0.9869933590189218,0.9960670713727166
RUS,64T66,0.9951154122193923,0.9851489642813267,0.9960670713727166
RUS,68,0.9953978197195783,0.9900659932399106,0.9960670713727166
RUS,69T75,1.0010085397940616,0.9890014175080996,0.9960670713727166
RUS,77T82,0.9913183744726061,0.9874019456729141,0.9960670713727166
RUS,84,0.996014152855736,0.9893082873226603,0.9960670713727166
RUS,85,0.9966919883646276,0.988717372293523,0.9960670713727166
RUS,86T88,0.9963130795299798,0.9908551162862201,0.9960670713727166
RUS,90T93,0.9987210816774517,0.9904797860532571,0.9960670713727166
RUS,94T98,0.998067404054085,0.9871324659562801,0.9960670713727166
SAU,01T02,1.0323484168415127,0.9984839235087142,0.9982208960613652
SAU,03,0.9984827182494248,0.998809684285565,0.9982208960613652
SAU,05T06,0.9811934797912539,0.9915790664816311,0.9982208960613652
SAU,07T08,0.9982821710918436,0.9931782430164475,0.9982208960613652
SAU,10T12,1.0159109114642475,1.0004126416479004,0.9982208960613652
SAU,13T15,1.010678602596615,1.0017792310645794,0.9982208960613652
SAU,16,1.0119364033806415,1.0026769839480314,0.9982208960613652
SAU,17T18,0.9983709068806282,1.005301706754108,0.9982208960613652
SAU,19,0.9905044831121318,0.9986933089875327,0.9982208960613652
SAU,20,0.9503596802830253,0.9996454491982018,0.9982208960613652
SAU,21,1.0066304034586062,1.0005674496988768,0.9982208960613652
SAU,22,1.0069606359013368,1.0044725967654982,0.9982208960613652
SAU,23,0.9517073620964559,1.0041103224672228,0.9982208960613652
SAU,24,1.0606848300758278,1.0028403780929673,0.9982208960613652
SAU,25,1.0083111359189352,1.0027169532556879,0.9982208960613652
SAU,26,1.0066122004914415,1.001203696787619,0.9982208960613652
SAU,27,1.0056473226498452,1.0045404447937716,0.9982208960613652
SAU,28,1.0088847118304558,1.0030271422990196,0.9982208960613652
SAU,29T30,1.0207175622495492,1.0008195786401362,0.9982208960613652
SAU,31T33,1.0089175307719696,1.0001930615305068,0.9982208960613652
SAU,35,0.851281798528454,0.9999865875294133,0.9982208960613652
SAU,36T39,0.9976907556897512,0.9996383635078101,0.9982208960613652
SAU,41T43,0.9973087581909176,1.003770069728533,0.9982208960613652
SAU,45T47,0.9979308099286652,0.9983094628794604,0.9982208960613652
SAU,49,1.0044190733594984,0.9991413421793326,0.9982208960613652
SAU,50,1.0033736752409992,1.0015999088121437,0.9982208960613652
SAU,51,1.005329812801255,1.0007015972784816,0.9982208960613652
SAU,52,1.0015157502659842,0.9991000450467891,0.9982208960613652
SAU,53,0.9970796007668202,1.0030849372472772,0.9982208960613652
SAU,55T56,1.007852257264367,1.0001975113731874,0.9982208960613652
SAU,58T60,1.0142256170351185,0.9986302579076065,0.9982208960613652
SAU,61,0.9975182555453865,0.9995964786154782,0.9982208960613652
SAU,62T63,1.000395681595994,0.9995265187451903,0.9982208960613652
SAU,64T66,1.0060221859753826,0.9933214620137496,0.9982208960613652
SAU,68,0.9990092293257483,0.9929051926657273,0.9982208960613652
SAU,69T75,0.9971424071763215,1.003895476118872,0.9982208960613652
SAU,77T82,0.997122379670172,1.0037405742178582,0.9982208960613652
SAU,84,0.9982256264663708,0.993060678253901,0.9982208960613652
SAU,85,0.9986295662255296,0.9935669507957019,0.9982208960613652
SAU,86T88,0.9976830433838647,0.9979369522920515,0.9982208960613652
SAU,90T93,1.0004909686457588,0.9947598865234951,0.9982208960613652
SAU,94T98,0.9984386173954226,0.9936804630303919,0.9982208960613652
SGP,01T02,0.9539106512430633,1.0074531053303317,1.0108175075522865
SGP,03,1.0047813984991325,1.0069767978947273,1.0108175075522865
SGP,05T06,0.9551598360687463,1.0047361792018006,1.0108175075522865
SGP,07T08,0.9982610039716067,1.0068960928358315,1.0108175075522865
SGP,10T12,0.9948378656431548,1.0236025233694854,1.0108175075522865
SGP,13T15,0.9779583768137942,1.01602352583647,1.0108175075522865
SGP,16,0.9924940454900295,1.0197933688715766,1.0108175075522865
SGP,17T18,0.9999904163867732,1.0123222177775906,1.0108175075522865
SGP,19,1.000652267285747,1.0137010131715583,1.0108175075522865
SGP,20,0.9952351638340287,1.011787231944628,1.0108175075522865
SGP,21,1.0163550199358715,1.0032787794243325,1.0108175075522865
SGP,22,0.9947730174070877,1.0175791228131073,1.0108175075522865
SGP,23,1.0020171689466337,1.018667201212338,1.0108175075522865
SGP,24,1.0514987661649764,1.0181546159002703,1.0108175075522865
SGP,25,1.0083900393793817,1.0145610625041164,1.0108175075522865
SGP,26,1.006914859328398,1.0082202313875137,1.0108175075522865
SGP,27,1.0085132076208967,1.011377317931328,1.0108175075522865
SGP,28,1.0116858084972162,1.0071329144094652,1.0108175075522865
SGP,29T30,1.0094409760175078,1.0076675753658046,1.0108175075522865
SGP,31T33,1.0067312329743783,1.0076597161791199,1.0108175075522865
SGP,35,0.8970886647486157,1.0233625814860103,1.0108175075522865
SGP,36T39,1.003782770080644,1.009011620195207,1.0108175075522865
SGP,41T43,1.0078762543284743,1.0100467873035772,1.0108175075522865
SGP,45T47,1.0002613310735513,1.0044733062050724,1.0108175075522865
SGP,49,1.0018095859220293,1.0055953735096057,1.0108175075522865
SGP,50,0.9979871584018337,1.0062393548723718,1.0108175075522865
SGP,51,1.0025648563144502,1.0060239741092944,1.0108175075522865
SGP,52,1.0013908941517864,1.0048131525586212,1.0108175075522865
SGP,53,1.00512976353309,1.0042670232172923,1.0108175075522865
SGP,55T56,1.0060131792314737,1.0098373555084097,1.0108175075522865
SGP,58T60,1.0069193475967595,1.0040826611447775,1.0108175075522865
SGP,61,1.0087215603982271,1.0036447329826665,1.0108175075522865
SGP,62T63,1.0046322559689371,1.0032337230360162,1.0108175075522865
SGP,64T66,1.0064662684573737,1.0014200810986689,1.0108175075522865
SGP,68,1.0081715749995905,1.0023863596371296,1.0108175075522865
SGP,69T75,1.0076930825247605,1.0028287284297537,1.0108175075522865
SGP,77T82,1.0075558935096176,1.0021349186947406,1.0108175075522865
SGP,84,1.0102144495649448,1.0050475659580629,1.0108175075522865
SGP,85,1.0102836820692715,1.0035577633792765,1.0108175075522865
SGP,86T88,1.0102994889682682,1.0042035086945844,1.0108175075522865
SGP,90T93,1.0086391965332935,1.0053399787815578,1.0108175075522865
SGP,94T98,1.010697676056159,1.0003898194937886,1.0108175075522865
SVK,01T02,1.0248352668583858,1.0099331932054245,1.0088729164998789
SVK,03,0.9946931483630498,1.0084335752294569,1.0088729164998789
SVK,05T06,0.8415009783450489,1.0073193721195204,1.0088729164998789
SVK,07T08,0.9633247450468031,1.00934634634305,1.0088729164998789
SVK,10T12,1.0154862254434154,1.0107605889918891,1.0088729164998789
SVK,13T15,1.0099075109899187,1.006809932736214,1.0088729164998789
SVK,16,1.0139071438330889,1.0077855809570546,1.0088729164998789
SVK,17T18,1.0050693477604966,1.0090587520590948,1.0088729164998789
SVK,19,0.9892944230190905,1.0113976520080734,1.0088729164998789
SVK,20,0.9081519507853113,1.011489104965267,1.0088729164998789
SVK,21,0.997187986505845,1.0080542863876845,1.0088729164998789
SVK,22,1.004989402953269,1.01064219469319,1.0088729164998789
SVK,23,0.9381407708461446,1.0133820104064442,1.0088729164998789
SVK,24,0.8812846935397319,1.015793480355332,1.0088729164998789
SVK,25,1.007619310891472,1.0099941737750122,1.0088729164998789
SVK,26,1.0081684093100207,1.0071437647594865,1.0088729164998789
SVK,27,1.0100592304492066,1.008734844672949,1.0088729164998789
SVK,28,1.0037276589700193,1.0105233776677796,1.0088729164998789
SVK,29T30,1.008931461538417,1.007550817724077,1.0088729164998789
SVK,31T33,1.0024078528980762,1.0063064874989742,1.0088729164998789
SVK,35,1.0039724297792985,1.0148986479096702,1.0088729164998789
SVK,36T39,1.0051094596305084,1.0061106968144513,1.0088729164998789
SVK,41T43,1.007216664827637,1.0071958621772634,1.0088729164998789
SVK,45T47,1.0030524133155587,1.0058759133046304,1.0088729164998789
SVK,49,1.0032472994243715,1.005835858584427,1.0088729164998789
SVK,50,1.005590887681784,1.005653660838203,1.0088729164998789
SVK,51,1.0056852535293221,1.0060262350682159,1.0088729164998789
SVK,52,1.002769912391689,1.0056485995056745,1.0088729164998789
SVK,53,1.006582550970712,1.0046498831048658,1.0088729164998789
SVK,55T56,1.0093495077530426,1.0065387892546043,1.0088729164998789
SVK,58T60,1.0077332362496205,1.0050652112598908,1.0088729164998789
SVK,61,1.0080589686835004,1.0044365890971563,1.0088729164998789
SVK,62T63,1.0055251974128778,1.0042913597210468,1.0088729164998789
SVK,64T66,1.0065998609164792,1.0040064607981247,1.0088729164998789
SVK,68,1.00801076875956,1.0042910555985942,1.0088729164998789
SVK,69T75,1.0034328016228138,1.0063273102146248,1.0088729164998789
SVK,77T82,1.0056767459925455,1.004901095273985,1.0088729164998789
SVK,84,1.0085854848468785,1.0043375110604769,1.0088729164998789
SVK,85,1.0087216906196927,1.0046677887324957,1.0088729164998789
SVK,86T88,1.0088655027395859,1.0047682167861622,1.0088729164998789
SVK,90T93,1.008505059292876,1.0053591737643257,1.0088729164998789
SVK,94T98,1.0079688678944856,1.005552221588991,1.0088729164998789
SVN,01T02,0.9757385079210946,1.01088048882642,1.0092887783074904
SVN,03,1.0072362265491939,1.0070454841740308,1.0092887783074904
SVN,05T06,0.8772802903124434,1.0073908424613789,1.0092887783074904
SVN,07T08,0.9936983846291845,1.0097380651634555,1.0092887783074904
SVN,10T12,1.0122694028493946,1.01146592791698,1.0092887783074904
SVN,13T15,1.0094565842800036,1.006541762091827,1.0092887783074904
SVN,16,1.0036199856812955,1.0117948550309173,1.0092887783074904
SVN,17T18,1.004616498218106,1.0087071613902765,1.0092887783074904
SVN,19,0.027237980419148253,1.0088983418596715,1.0092887783074904
SVN,20,1.0216038984953442,1.0107055210766447,1.0092887783074904
SVN,21,1.0042118472308696,1.0056903333382365,1.0092887783074904
SVN,22,1.0102612500214003,1.008666008543073,1.0092887783074904
SVN,23,0.9407105826522506,1.0104417722251957,1.0092887783074904
SVN,24,1.0434476695454862,1.013655681340143,1.0092887783074904
SVN,25,1.0140710802879274,1.0090422330693842,1.0092887783074904
SVN,26,1.0083878946814253,1.0066393483477285,1.0092887783074904
SVN,27,1.0085824803179837,1.0092952273629399,1.0092887783074904
SVN,28,1.0059791244521978,1.009322919607811,1.0092887783074904
SVN,29T30,1.0076438340886684,1.008778679897436,1.0092887783074904
SVN,31T33,1.0065756581358007,1.0077061267531116,1.0092887783074904
SVN,35,0.9377731174555879,1.0117030520483068,1.0092887783074904
SVN,36T39,1.0110168332997882,1.0083718994962128,1.0092887783074904
SVN,41T43,1.0069202483082524,1.0090330117683528,1.0092887783074904
SVN,45T47,1.0051468965099883,1.0060969672991273,1.0092887783074904
SVN,49,1.0032410046817057,1.0067447442162272,1.0092887783074904
SVN,50,1.008353913337163,1.0056129055877954,1.0092887783074904
SVN,51,1.0045250216252835,1.0068207619611544,1.0092887783074904
SVN,52,1.005529572929804,1.0057674004606205,1.0092887783074904
SVN,53,1.0045320285299655,1.0052775610220253,1.0092887783074904
SVN,55T56,1.0080133835737668,1.007595450451102,1.0092887783074904
SVN,58T60,1.003263078347943,1.005154650020633,1.0092887783074904
SVN,61,1.0054794150317845,1.0047757969266762,1.0092887783074904
SVN,62T63,1.0022442070939956,1.004774197623424,1.0092887783074904
SVN,64T66,1.005365979261151,1.0047793239005003,1.0092887783074904
SVN,68,1.0089646698875525,1.005020999334322,1.0092887783074904
SVN,69T75,1.0038047614537302,1.0059409163867976,1.0092887783074904
SVN,77T82,1.004895313012526,1.005289058051562,1.0092887783074904
SVN,84,1.0088946469486986,1.0054176963027148,1.0092887783074904
SVN,85,1.008587286696694,1.005487105716034,1.0092887783074904
SVN,86T88,1.0090239220486008,1.0055362071908986,1.0092887783074904
SVN,90T93,1.008666202385384,1.0059709268853299,1.0092887783074904
SVN,94T98,1.0069173876919646,1.0058305908709848,1.0092887783074904
SWE,01T02,0.9406334572123841,1.0187928305640563,1.0081711965819737
SWE,03,1.0069276558180766,1.0068159868701925,1.0081711965819737
SWE,05T06,0.9722938102926608,1.0084691687955576,1.0081711965819737
SWE,07T08,1.0229610806090506,1.0066584034538384,1.0081711965819737
SWE,10T12,1.0063510352135936,1.0130916279596243,1.0081711965819737
SWE,13T15,1.0058544795996898,1.007662576807403,1.0081711965819737
SWE,16,0.9886387132497516,1.0202236579371258,1.0081711965819737
SWE,17T18,0.9924002074849287,1.013365550827543,1.0081711965819737
SWE,19,1.0092323038448954,1.0114160889937551,1.0081711965819737
SWE,20,0.9883235767702362,1.008809764561372,1.0081711965819737
SWE,21,1.0060634887189135,1.0068708457531357,1.0081711965819737
SWE,22,1.0095845163196215,1.008921642885514,1.0081711965819737
SWE,23,1.005852574135063,1.009597222380447,1.0081711965819737
SWE,24,1.050627656853631,1.0094305131269232,1.0081711965819737
SWE,25,1.0121123414283377,1.0093764612693372,1.0081711965819737
SWE,26,1.00771505755467,1.0066646386876206,1.0081711965819737
SWE,27,1.0111515688268262,1.008170570083721,1.0081711965819737
SWE,28,1.008517687325105,1.0071974639799481,1.0081711965819737
SWE,29T30,1.0089553406177854,1.0073185314845308,1.0081711965819737
SWE,31T33,1.005399432319376,1.0077237937476957,1.0081711965819737
SWE,35,1.0088588412635735,1.0077680970233744,1.0081711965819737
SWE,36T39,1.012845824312083,1.0068759937270784,1.0081711965819737
SWE,41T43,1.0075690362443697,1.0079158395536518,1.0081711965819737
SWE,45T47,1.0046027975083731,1.0060114750780642,1.0081711965819737
SWE,49,1.0045342192846356,1.0068627188701995,1.0081711965819737
SWE,50,1.0028435854403044,1.0074716393181529,1.0081711965819737
SWE,51,1.0018321102522547,1.007577101723632,1.0081711965819737
SWE,52,1.0044781577404724,1.0065991410156494,1.0081711965819737
SWE,53,1.0044872122422106,1.0059329662390808,1.0081711965819737
SWE,55T56,1.0068046647583253,1.0076312298930008,1.0081711965819737
SWE,58T60,1.0035328325904311,1.0058839315591128,1.0081711965819737
SWE,61,1.004755247046626,1.005806263999606,1.0081711965819737
SWE,62T63,1.0021499300251862,1.005591798273834,1.0081711965819737
SWE,64T66,1.0038241582212375,1.0056679545005858,1.0081711965819737
SWE,68,1.0073700495737563,1.006340628846411,1.0081711965819737
SWE,69T75,1.005564540064066,1.0058555470352089,1.0081711965819737
SWE,77T82,1.005146948835783,1.0061448015418908,1.0081711965819737
SWE,84,1.007755539408561,1.0060574649134513,1.0081711965819737
SWE,85,1.007929166082198,1.0059576845348817,1.0081711965819737
SWE,86T88,1.0080341346492343,1.0059743890562476,1.0081711965819737
SWE,90T93,1.0071285016305023,1.0068314789556747,1.0081711965819737
SWE,94T98,1.0072966845300158,1.0062176727598338,1.0081711965819737
THA,01T02,0.9815456527517391,1.0065110711662062,1.013513831027892
THA,03,1.0086839610106928,1.005568629428932,1.013513831027892
THA,05T06,0.9305847112943394,1.0051941740928647,1.013513831027892
THA,07T08,0.9783026206687357,1.0063617148790682,1.013513831027892
THA,10T12,1.0073014941236085,1.0176151522397525,1.013513831027892
THA,13T15,1.0106594499312895,1.0073664718712931,1.013513831027892
THA,16,1.009159806819555,1.0114707614129845,1.013513831027892
THA,17T18,1.0081548896414259,1.007243256098021,1.013513831027892
THA,19,0.9933306942320089,1.0189274474931178,1.013513831027892
THA,20,0.9761962442892923,1.0126496577830746,1.013513831027892
THA,21,1.0054616875769904,1.0098310805550827,1.013513831027892
THA,22,0.9940139275072535,1.0158442044555238,1.013513831027892
THA,23,0.9321674570307414,1.0185470486416404,1.013513831027892
THA,24,0.9724271048283786,1.015908536695502,1.013513831027892
THA,25,1.0002497984162246,1.0156015661410307,1.013513831027892
THA,26,1.0093969027475482,1.007109095514033,1.013513831027892
THA,27,1.003997950293366,1.0131721064789754,1.013513831027892
THA,28,1.0034284959550377,1.0114486216565435,1.013513831027892
THA,29T30,1.0011825554063798,1.0108732131086589,1.013513831027892
THA,31T33,1.003398118219417,1.009642498998858,1.013513831027892
THA,35,0.9772584807737414,1.0150042711349503,1.013513831027892
THA,36T39,1.0078829019533393,1.0061630438178677,1.013513831027892
THA,41T43,1.013008599809201,1.0216514101461942,1.013513831027892
THA,45T47,1.0055521674797927,1.002329164825223,1.013513831027892
THA,49,0.9927634514799908,1.01289973871616,1.013513831027892
THA,50,1.0039220213672002,1.0057480515537647,1.013513831027892
THA,51,0.9998777204724721,1.0077498025753544,1.013513831027892
THA,52,0.9913483990490528,1.0095902664964556,1.013513831027892
THA,53,1.0065455553149107,1.0023652935060128,1.013513831027892
THA,55T56,1.0058538400961854,1.0116621989142753,1.013513831027892
THA,58T60,1.003171870398654,1.0052019117268745,1.013513831027892
THA,61,1.0084833718452137,1.003015195561972,1.013513831027892
THA,62T63,0.9983880462638551,1.0044665460453597,1.013513831027892
THA,64T66,1.0040220702158482,1.0018379542756664,1.013513831027892
THA,68,1.00888445958617,1.0020858435896667,1.013513831027892
THA,69T75,1.0016692923743855,1.0037734750192409,1.013513831027892
THA,77T82,1.0013080575118758,1.0040640810814334,1.013513831027892
THA,84,1.0135287939054967,1.0032937391574337,1.013513831027892
THA,85,1.0135046072964808,1.0028374194270167,1.013513831027892
THA,86T88,1.0114818223592965,1.005866977143732,1.013513831027892
THA,90T93,1.010185210464045,1.0039108594592487,1.013513831027892
THA,94T98,1.005882461726101,1.0073102590657093,1.013513831027892
TUN,01T02,0.9984232385057554,1.005262121318304,1.0122515234170526
TUN,03,1.0067198072247134,1.002547538816151,1.0122515234170526
TUN,05T06,0.9218127066364091,1.0184336991067853,1.0122515234170526
TUN,07T08,0.9659860041306484,1.0197208423303252,1.0122515234170526
TUN,10T12,1.0040553841833315,1.0208686897197417,1.0122515234170526
TUN,13T15,1.0010202958038643,1.0089111919863123,1.0122515234170526
TUN,16,1.0127273287510543,1.0093449240807022,1.0122515234170526
TUN,17T18,1.004082125926071,1.0087735194034924,1.0122515234170526
TUN,19,0.9627225986597039,1.0293645056381346,1.0122515234170526
TUN,20,0.9941707962208748,1.0131376566618409,1.0122515234170526
TUN,21,1.0032076197504203,1.0074041144349946,1.0122515234170526
TUN,22,1.0028886303606246,1.0113361945040051,1.0122515234170526
TUN,23,0.8423827305762939,1.0319825148057469,1.0122515234170526
TUN,24,1.0046630746122402,1.0239027985150073,1.0122515234170526
TUN,25,0.997220066932554,1.0141713831909607,1.0122515234170526
TUN,26,1.0040693864235861,1.0112450306370078,1.0122515234170526
TUN,27,1.002808164965068,1.0127300138586917,1.0122515234170526
TUN,28,1.005425354346127,1.010899975681061,1.0122515234170526
TUN,29T30,1.0044425658091316,1.0099693300343353,1.0122515234170526
TUN,31T33,1.0059812535756933,1.0086612763228644,1.0122515234170526
TUN,35,0.8604191496598151,1.0243593864559153,1.0122515234170526
TUN,36T39,1.0073971166047435,1.0213544662920577,1.0122515234170526
TUN,41T43,1.0097046049895873,1.0260701939540193,1.0122515234170526
TUN,45T47,1.0065744881474918,1.0037459636555737,1.0122515234170526
TUN,49,0.9922074118237417,1.0046914572743868,1.0122515234170526
TUN,50,1.0025546225529727,1.0057716546871553,1.0122515234170526
TUN,51,1.0001646940372737,1.007617878559105,1.0122515234170526
TUN,52,0.9927125841758223,1.003135655804633,1.0122515234170526
TUN,53,1.0064347462505745,1.0036223395374164,1.0122515234170526
TUN,55T56,1.0089629245659157,1.0071774843859902,1.0122515234170526
TUN,58T60,1.0082961933479238,1.0052615156078653,1.0122515234170526
TUN,61,1.0080524749879518,1.003154590946318,1.0122515234170526
TUN,62T63,1.0022209764717998,1.004159062635693,1.0122515234170526
TUN,64T66,1.003062920075876,1.0017420144815385,1.0122515234170526
TUN,68,1.0110730151861242,1.003424390450856,1.0122515234170526
TUN,69T75,1.0052214638080008,1.0049076152832936,1.0122515234170526
TUN,77T82,1.0059676904175594,1.0047183754239006,1.0122515234170526
TUN,84,1.0121869992778578,1.0016393397724106,1.0122515234170526
TUN,85,1.0100943641089568,1.0025248220525556,1.0122515234170526
TUN,86T88,1.0089888868956753,1.004425631369458,1.0122515234170526
TUN,90T93,1.0049992532303154,1.0067782074162102,1.0122515234170526
TUN,94T98,1.0107066358069345,1.002552437278278,1.0122515234170526
TUR,01T02,1.012130602874854,1.012087845746603,1.0117978867954949
TUR,03,1.0089698806295955,1.0060492239751655,1.0117978867954949
TUR,05T06,0.9267933545578151,1.0097745820435144,1.0117978867954949
TUR,07T08,0.989440819534202,1.0068344531576925,1.0117978867954949
TUR,10T12,1.0103561335928946,1.0146240784108986,1.0117978867954949
TUR,13T15,1.0034074867916642,1.0077698646613686,1.0117978867954949
TUR,16,1.0022127436564612,1.0131429478997884,1.0117978867954949
TUR,17T18,1.002137049910502,1.0088039169593401,1.0117978867954949
TUR,19,0.9930667570541166,1.0122782205280205,1.0117978867954949
TUR,20,0.957123576153432,1.0114081553714651,1.0117978867954949
TUR,21,1.005548626064221,1.00845174567926,1.0117978867954949
TUR,22,1.0016949081753124,1.0131154361123398,1.0117978867954949
TUR,23,0.92553212846262,1.0208149722320663,1.0117978867954949
TUR,24,0.9903846647761199,1.015196808838706,1.0117978867954949
TUR,25,1.0048274581908667,1.012361547171815,1.0117978867954949
TUR,26,1.009979435208354,1.005758939495461,1.0117978867954949
TUR,27,1.0034766079638415,1.0127560759104532,1.0117978867954949
TUR,28,1.0046580817820965,1.0109403632364962,1.0117978867954949
TUR,29T30,1.0063171605182186,1.0092244549623364,1.0117978867954949
TUR,31T33,1.0055230112744378,1.0091255438413091,1.0117978867954949
TUR,35,0.9131851568228765,1.0634589219524249,1.0117978867954949
TUR,36T39,0.9994577902755225,1.0111202372102654,1.0117978867954949
TUR,41T43,1.0103637681534476,1.0141830975809865,1.0117978867954949
TUR,45T47,1.0033428216370515,1.005894364082346,1.0117978867954949
TUR,49,1.004833216533112,1.0064458318516007,1.0117978867954949
TUR,50,1.0030614231239,1.0044773120205595,1.0117978867954949
TUR,51,0.999620668101162,1.005811747545873,1.0117978867954949
TUR,52,1.0027052931902722,1.004232031567663,1.0117978867954949
TUR,53,1.0049513418356895,1.005655176976624,1.0117978867954949
TUR,55T56,1.0080946066460093,1.00816966190336,1.0117978867954949
TUR,58T60,1.0058500220430466,1.005786147991906,1.0117978867954949
TUR,61,1.0089637660989836,1.006427108097873,1.0117978867954949
TUR,62T63,1.0050762832566877,1.003280106743662,1.0117978867954949
TUR,64T66,1.0013562945167302,1.0044175804373432,1.0117978867954949
TUR,68,1.0088089039786843,1.0100324721206098,1.0117978867954949
TUR,69T75,1.0045651329508205,1.0050415898563827,1.0117978867954949
TUR,77T82,1.0059335243414953,1.0047058164049696,1.0117978867954949
TUR,84,1.0105400482895885,1.0066532249062545,1.0117978867954949
TUR,85,1.0111494584419223,1.0045476815462857,1.0117978867954949
TUR,86T88,1.0114490531417466,1.006811897920112,1.0117978867954949
TUR,90T93,1.0086775803860142,1.0058720505018603,1.0117978867954949
TUR,94T98,1.0103343671442733,1.0067912576082303,1.0117978867954949
TWN,01T02,1.0337155001120037,1.0077663312584215,1.0128075655865425
TWN,03,1.008548757407329,1.0100315787401384,1.0128075655865425
TWN,05T06,0.931924650108801,1.0092852225433815,1.0128075655865425
TWN,07T08,0.9577338837723958,1.0108692909335442,1.0128075655865425
TWN,10T12,1.017983030463607,1.0107157043735224,1.0128075655865425
TWN,13T15,0.9920808996662218,1.0124235374950827,1.0128075655865425
TWN,16,1.0133360671682226,1.012337269581976,1.0128075655865425
TWN,17T18,1.0009513827955279,1.0120997625921804,1.0128075655865425
TWN,19,0.980111859781416,1.0140983578779987,1.0128075655865425
TWN,20,0.977445221149678,1.0205724468560666,1.0128075655865425
TWN,21,1.007660020313635,1.0084112505917917,1.0128075655865425
TWN,22,0.997985683150989,1.015202715987474,1.0128075655865425
TWN,23,0.9917504452645954,1.0192337691454145,1.0128075655865425
TWN,24,0.9296829675390954,1.0249762282501027,1.0128075655865425
TWN,25,0.9883255910932933,1.0199423283948563,1.0128075655865425
TWN,26,1.0041086891582294,1.0102931346489035,1.0128075655865425
TWN,27,1.0048140681895534,1.0134705615672819,1.0128075655865425
TWN,28,0.9977765655670756,1.0155759326952463,1.0128075655865425
TWN,29T30,1.0031055383834229,1.011165968295467,1.0128075655865425
TWN,31T33,0.9926292722062622,1.010890808707861,1.0128075655865425
TWN,35,0.8948136333298784,1.0156896875081967,1.0128075655865425
TWN,36T39,0.9841539879620655,1.0115893329068748,1.0128075655865425
TWN,41T43,1.0102828540563238,1.0158983748624755,1.0128075655865425
TWN,45T47,1.0038483033851944,1.0052072555533131,1.0128075655865425
TWN,49,0.9973249670788672,1.0088674512457174,1.0128075655865425
TWN,50,0.9940510191626478,1.0089855903978109,1.0128075655865425
TWN,51,0.9916373461642103,1.0108234313646003,1.0128075655865425
TWN,52,0.9996949223212627,1.0059285600569154,1.0128075655865425
TWN,53,1.006801206804911,1.0054798850727962,1.0128075655865425
TWN,55T56,1.0106919838952546,1.007995294808856,1.0128075655865425
TWN,58T60,1.0048306049655455,1.00617368608868,1.0128075655865425
TWN,61,1.0085743810268608,1.0057102074440212,1.0128075655865425
TWN,62T63,1.0048438486718687,1.00451093553589,1.0128075655865425
TWN,64T66,1.0079855524652808,1.0034769650233946,1.0128075655865425
TWN,68,1.0114163758101655,1.0039872258405225,1.0128075655865425
TWN,69T75,1.0036336243489012,1.0056708522315991,1.0128075655865425
TWN,77T82,1.0036402006514589,1.004835913673322,1.0128075655865425
TWN,84,1.0121344219117192,1.004630109152562,1.0128075655865425
TWN,85,1.0126000830083863,1.0049406911063472,1.0128075655865425
TWN,86T88,1.011807350226056,1.0065151287611371,1.0128075655865425
TWN,90T93,1.009903559278749,1.006153204835775,1.0128075655865425
TWN,94T98,1.0119662876382287,1.0055778355676286,1.0128075655865425
USA,01T02,0.9896645969261054,1.0133941295174969,1.0073303315847775
USA,03,1.0063819795730435,1.005110962181435,1.0073303315847775
USA,05T06,0.9760378896202968,1.0081054006042913,1.0073303315847775
USA,07T08,1.0044142905815296,1.0084854253464086,1.0073303315847775
USA,10T12,1.007272691226407,1.014371047886452,1.0073303315847775
USA,13T15,1.0032922119052565,1.00847405691521,1.0073303315847775
USA,16,1.0108498552326282,1.010699583920866,1.0073303315847775
USA,17T18,1.0056306250609228,1.0087554094947184,1.0073303315847775
USA,19,0.9990044072627702,1.0144058173103523,1.0073303315847775
USA,20,0.9990116443704001,1.0101091860209281,1.0073303315847775
USA,21,1.0081104267419057,1.0058183781113186,1.0073303315847775
USA,22,1.0083584403087342,1.009620322261345,1.0073303315847775
USA,23,1.0007960974507095,1.009561788178996,1.0073303315847775
USA,24,1.0219045783998124,1.011800229459708,1.0073303315847775
USA,25,1.0104123203071491,1.0090784285326837,1.0073303315847775
USA,26,1.0093384892298458,1.0052172428312913,1.0073303315847775
USA,27,1.0129694823081266,1.0077762509529375,1.0073303315847775
USA,28,1.0071833155271939,1.007525908275176,1.0073303315847775
USA,29T30,1.0078727596416097,1.0073441951048474,1.0073303315847775
USA,31T33,1.0097448529297894,1.0067294568150709,1.0073303315847775
USA,35,0.9339427933352987,1.0090283115331002,1.0073303315847775
USA,36T39,1.0041233010220725,1.0058134364113638,1.0073303315847775
USA,41T43,1.0067325668900022,1.007412910807873,1.0073303315847775
USA,45T47,1.004679436261599,1.0061336698156662,1.0073303315847775
USA,49,1.0032230860514428,1.0061683714735947,1.0073303315847775
USA,50,1.004580746666753,1.0062975155190932,1.0073303315847775
USA,51,1.004446773246976,1.006114964350887,1.0073303315847775
USA,52,1.0017316570537553,1.008164722414725,1.0073303315847775
USA,53,1.0042989579331054,1.0064575634128679,1.0073303315847775
USA,55T56,1.0066035219275256,1.007086488840131,1.0073303315847775
USA,58T60,1.0060466866542697,1.00509820284855,1.0073303315847775
USA,61,1.006003834303258,1.0054338139785783,1.0073303315847775
USA,62T63,1.004573282807059,1.0049981153003567,1.0073303315847775
USA,64T66,1.0051281853436567,1.0049653011077122,1.0073303315847775
USA,68,1.0065324305871133,1.0066085719440925,1.0073303315847775
USA,69T75,1.0047898947716623,1.0053349005171697,1.0073303315847775
USA,77T82,1.0046042046831571,1.005342337796882,1.0073303315847775
USA,84,1.0067207837722656,1.0061108546698982,1.0073303315847775
USA,85,1.0070321423926236,1.0058634033915799,1.0073303315847775
USA,86T88,1.007285119294085,1.0054593420022993,1.0073303315847775
USA,90T93,1.006723336813355,1.0057893272363794,1.0073303315847775
USA,94T98,1.0069607201747959,1.0055823968467494,1.0073303315847775
VNM,01T02,0.9943536412954572,1.0132432032732406,1.0159554256439878
VNM,03,1.0066037225641562,1.0103608446862682,1.0159554256439878
VNM,05T06,0.9593229997199093,1.0069466310749622,1.0159554256439878
VNM,07T08,0.9435922468971801,1.0201732505422196,1.0159554256439878
VNM,10T12,1.0030362289707466,1.0205346542970766,1.0159554256439878
VNM,13T15,1.0094092670096528,1.0078124407788756,1.0159554256439878
VNM,16,0.9718798175021196,1.0267133823466799,1.0159554256439878
VNM,17T18,0.9939909152153052,1.0120854309373604,1.0159554256439878
VNM,19,0.9702491180912294,1.0151415088000446,1.0159554256439878
VNM,20,0.9884157472924139,1.0158850680804195,1.0159554256439878
VNM,21,1.0129091058648834,1.0058498508510112,1.0159554256439878
VNM,22,0.9905095333599637,1.0162831485587327,1.0159554256439878
VNM,23,0.897862744551936,1.0297482315272013,1.0159554256439878
VNM,24,0.9467501548572481,1.0279033090538683,1.0159554256439878
VNM,25,0.9656027005787158,1.023821156766978,1.0159554256439878
VNM,26,1.0063652511591412,1.0076127945896465,1.0159554256439878
VNM,27,0.9965564459544964,1.0152266958846483,1.0159554256439878
VNM,28,1.004619523187864,1.009574044143703,1.0159554256439878
VNM,29T30,1.0088493786714232,1.01008631949941,1.0159554256439878
VNM,31T33,0.9786120045673344,1.0153631886886483,1.0159554256439878
VNM,35,0.8164326083792242,1.0136372633750523,1.0159554256439878
VNM,36T39,1.0026494947820876,1.0096126130362646,1.0159554256439878
VNM,41T43,1.0141957512365585,1.0244905229110561,1.0159554256439878
VNM,45T47,0.9997881966889449,1.0046229132709255,1.0159554256439878
VNM,49,0.9917623815991222,1.009379725509189,1.0159554256439878
VNM,50,0.9917833880988601,1.010057836066855,1.0159554256439878
VNM,51,0.9932734378730287,1.0103235271359723,1.0159554256439878
VNM,52,0.999407796761017,1.0025052824415175,1.0159554256439878
VNM,53,1.0021559308369168,1.0049344514980976,1.0159554256439878
VNM,55T56,1.0078050294834224,1.0116999005880651,1.0159554256439878
VNM,58T60,1.0073560767935201,1.0050049190956265,1.0159554256439878
VNM,61,1.0107452177069445,1.0069813410593609,1.0159554256439878
VNM,62T63,1.0159796780993882,0.9986731562463826,1.0159554256439878
VNM,64T66,1.0035351211546555,0.9991751264829879,1.0159554256439878
VNM,68,1.0117915138234204,1.0049725384031234,1.0159554256439878
VNM,69T75,1.0039002842339513,1.002085875845571,1.0159554256439878
VNM,77T82,1.0059380081715361,1.0022365512495737,1.0159554256439878
VNM,84,1.014672866234519,1.0031896032435452,1.0159554256439878
VNM,85,1.0146581439575306,1.0003445435138965,1.0159554256439878
VNM,86T88,1.0152790809428083,1.0023657592886235,1.0159554256439878
VNM,90T93,1.0150081438678895,1.0007998856467375,1.0159554256439878
VNM,94T98,1.0135833616041596,1.006744873967866,1.0159554256439878
ZAF,01T02,0.9694767554808216,1.0027536489815396,0.995538716959562
ZAF,03,1.0046109342483591,0.988147156175507,0.995538716959562
ZAF,05T06,0.9302719215028803,0.9961924296375364,0.995538716959562
ZAF,07T08,0.9474509454734162,1.0066128646766188,0.995538716959562
ZAF,10T12,1.007537507032898,1.0041245446258755,0.995538716959562
ZAF,13T15,1.0205224719785635,0.9987514227872811,0.995538716959562
ZAF,16,1.0061886084107563,1.0022740554842242,0.995538716959562
ZAF,17T18,1.0055490604637018,0.996187825397088,0.995538716959562
ZAF,19,0.9437319871100743,1.003208025739211,0.995538716959562
ZAF,20,0.9702251209059065,1.0111908704298962,0.995538716959562
ZAF,21,0.9987601984217636,1.0015816558767203,0.995538716959562
ZAF,22,0.9991073307201939,1.0025345710701499,0.995538716959562
ZAF,23,0.9294773906683403,1.0102262725523876,0.995538716959562
ZAF,24,0.6464582302991695,1.034511171633762,0.995538716959562
ZAF,25,0.9448164624874171,1.0340005665897942,0.995538716959562
ZAF,26,1.0060458258005773,0.9992463962631316,0.995538716959562
ZAF,27,0.9632723576928377,1.0178374732466642,0.995538716959562
ZAF,28,0.9901328322474233,1.0093259127668515,0.995538716959562
ZAF,29T30,0.9895963178871432,1.0122709040540352,0.995538716959562
ZAF,31T33,1.0098955735043258,1.0029326804898393,0.995538716959562
ZAF,35,0.7601256775968761,1.013582465975811,0.995538716959562
ZAF,36T39,0.9877093659495034,0.9879244932316764,0.995538716959562
ZAF,41T43,0.9931007215488669,1.0019536447489377,0.995538716959562
ZAF,45T47,0.9901953449634763,0.9864617988055482,0.995538716959562
ZAF,49,0.9865323293480113,0.9903647056897228,0.995538716959562
ZAF,50,1.0064353019478343,0.9890535232710889,0.995538716959562
ZAF,51,1.0025271978362482,0.9935980714725109,0.995538716959562
ZAF,52,0.9659995268622619,0.9930166530861835,0.995538716959562
ZAF,53,0.9897514480050595,0.9884033633487632,0.995538716959562
ZAF,55T56,1.0032217271503667,0.9887863961422754,0.995538716959562
ZAF,58T60,0.998127675686973,0.9895008123286022,0.995538716959562
ZAF,61,0.9975611895202374,0.9905631200833238,0.995538716959562
ZAF,62T63,0.9860313993362497,0.9902241173282657,0.995538716959562
ZAF,64T66,0.9933600814668417,0.9820945005475742,0.995538716959562
ZAF,68,0.9943879186742389,0.9868475865301328,0.995538716959562
ZAF,69T75,0.9902329889625368,0.9886191628686667,0.995538716959562
ZAF,77T82,0.9872445577574517,0.9898858880783017,0.995538716959562
ZAF,84,0.9955466711053176,0.9851204886623359,0.995538716959562
ZAF,85,0.9939242327971578,0.9826511031463774,0.995538716959562
ZAF,86T88,0.9941818509046079,0.9862106126842225,0.995538716959562
ZAF,90T93,0.9784286620425601,0.9885056683771783,0.995538716959562
ZAF,94T98,0.993344749523802,0.9803286543751267,0.995538716959562
